name|Current price|EBIT|Enterprise Value|Return on capital employed|Return on invested capital|Debt to equity|Market Capitalization|Net block preceding year|Working capital|Price to book value|Price to Earning|Earnings yield

TCS|2,445.35|32,582.97|4,75,391.37|80.64|91.83|0.00|4,81,838.60|11,638.17|19,276.80|6.72|19.40|6.85
Reliance Inds.|1,012.20|40,289.00|4,14,276.41|20.23|33.00|0.45|3,28,227.41|1,09,406.00|-16,948.00|1.34|11.50|9.73
HDFC Bank|1,223.70|51,267.87|8,70,738.14|95.87|92.84|8.25|3,10,214.32|3,121.73|40,297.55|4.27|25.23|5.89
ITC|248.85|15,007.52|3,00,576.59|77.06|85.42|0.00|3,00,610.09|14,178.49|1,253.58|9.14|30.54|4.99
Infosys|1,072.55|19,339.00|2,13,661.80|34.88|33.65|0.00|2,46,358.80|11,346.00|35,022.00|4.02|17.73|9.05
H D F C|1,364.10|31,956.09|4,61,462.25|242.43|230.44|4.91|2,15,807.72|1,470.23|12,284.06|4.25|21.18|6.92
Hind. Unilever|941.50|5,870.77|2,03,129.18|654.96|480.00|0.00|2,03,763.73|2,457.53|-1,818.84|55.27|49.60|2.89
Coal India|318.85|21,609.73|1,92,116.21|21.20|22.06|0.01|2,01,397.14|14,784.39|55,596.22|3.69|14.14|11.25
O N G C|230.25|30,232.75|2,37,937.98|34.55|30.21|0.30|1,96,990.16|64,655.28|-8,695.66|1.09|10.63|12.71
Sun Pharma.Inds.|770.40|7,242.17|1,87,126.88|23.98|20.73|0.35|1,85,416.33|6,817.28|20,030.84|6.12|35.45|3.87
St Bk of India|231.50|1,61,224.14|24,87,620.77|99.70|89.82|14.02|1,79,708.29|12,924.20|1,07,280.85|1.00|14.70|6.48
Tata Motors|494.00|1,631.50|1,74,144.96|-4.02|-4.12|0.71|1,58,469.45|15,783.23|-3,581.84|7.09|601.12|0.94

ICICI Bank|265.75|43,711.11|6,90,949.05|35.70|31.44|6.86|1,54,584.70|4,725.52|82,716.01|1.78|13.27|6.33
Bharti Airtel|378.90|18,094.00|2,17,970.19|11.58|12.33|1.07|1,51,461.49|1,40,614.50|-20,383.90|2.25|31.17|8.30
Larsen & Toubro|1,585.85|11,135.87|2,32,655.20|19.06|13.82|2.22|1,47,802.49|32,397.46|34,922.56|3.21|30.53|4.79
Kotak Mah. Bank|772.15|16,146.71|3,09,828.34|85.84|63.42|5.39|1,41,749.20|1,384.97|11,758.75|4.25|40.98|5.21
Wipro|554.50|12,030.10|1,39,619.24|23.97|23.75|0.28|1,37,001.84|10,837.10|24,853.20|3.07|15.41|8.62
Maruti Suzuki|4,472.05|6,616.56|1,35,588.99|48.95|72.17|0.02|1,35,091.69|10,790.40|-3,731.70|4.78|29.55|4.88
Axis Bank|565.05|36,548.82|5,58,776.44|55.74|55.05|8.60|1,34,907.94|2,413.05|46,055.75|2.54|16.40|6.54
NTPC|156.25|13,289.03|2,01,725.24|11.99|13.36|1.05|1,28,835.31|72,110.83|11,449.79|1.40|12.58|6.59
I O C L|478.35|18,839.60|1,71,274.10|6.35|20.60|0.81|1,16,140.99|62,948.79|7,652.30|1.48|11.90|11.00
HCL Technologies|717.50|9,278.24|1,00,531.01|39.90|37.26|0.03|1,01,221.77|7,443.94|13,608.75|3.39|13.52|9.23
Asian Paints|1,025.90|2,668.92|97,116.93|67.16|62.93|0.06|98,404.33|2,660.04|518.83|17.56|55.86|2.75

UltraTech Cem.|3,531.35|3,562.25|1,02,492.15|17.57|16.29|0.37|96,913.81|20,947.46|-2,103.18|4.67|44.57|3.48
M & M|1,464.80|7,611.78|1,32,155.32|17.38|16.20|1.54|90,977.61|19,046.74|21,085.73|3.18|28.65|5.76
Power Grid Corpn|164.25|12,641.70|1,78,910.44|13.04|15.44|2.49|85,928.87|73,154.07|-10,904.05|1.94|14.26|7.07
Hind.Zinc|196.15|8,627.31|NaN|295.56|-99.99|0.00|82,879.26|9,446.17|-15,839.89|2.22|10.15|NaN
B P C L|554.75|11,214.12|91,969.81|32.97|73.46|0.58|80,226.20|19,039.51|-7,788.80|2.68|10.79|12.19
Bajaj Auto|2,695.60|5,385.66|77,347.51|270.28|195.79|0.01|78,002.58|1,917.24|258.66|6.35|21.36|6.96
Lupin|1,670.15|3,477.65|81,680.29|29.77|21.84|0.65|75,304.28|4,368.19|6,069.53|6.86|33.16|4.26
Bosch|23,907.60|1,863.74|75,051.66|33.38|32.37|0.02|75,069.86|938.10|3,585.60|8.74|60.25|2.48
IndusInd Bank|1,126.80|10,929.71|1,72,187.26|53.86|56.30|6.66|67,142.92|1,119.56|11,963.21|3.74|27.71|6.35
Bharti Infra.|353.30|1,984.80|67,003.05|27.04|27.79|0.00|67,009.25|6,685.50|-1,627.50|3.47|50.63|2.96
Hero Motocorp|3,244.10|4,396.73|64,683.49|220.28|191.23|0.00|64,781.46|2,243.25|-818.08|6.70|20.68|6.80

Nestle India|6,632.95|751.18|62,500.22|24.35|22.99|0.01|63,954.90|3,176.64|-151.25|20.79|64.77|1.20
Dr Reddy's Labs|3,588.00|2,984.79|64,039.82|21.39|24.07|0.29|61,246.42|5,377.00|5,380.30|5.23|30.60|4.66
Dabur India|312.00|1,605.26|55,612.35|59.55|57.57|0.19|54,958.58|1,877.13|457.61|13.21|43.87|2.89
Shree Cement|15,698.45|663.42|55,579.06|10.06|11.38|0.17|54,693.40|2,193.77|1,426.24|9.54|93.73|1.19
Godrej Consumer|1,599.05|1,576.16|56,783.29|21.00|19.40|0.57|54,453.06|5,550.95|1,392.07|10.68|47.74|2.78
Eicher Motors|19,781.05|1,784.63|53,225.67|103.72|77.26|0.02|53,731.23|2,309.33|-695.24|15.51|49.63|3.35
GAIL (India)|393.75|3,812.84|58,360.67|16.03|11.38|0.33|49,946.40|20,639.14|-964.13|1.59|21.73|6.53
Yes Bank|1,179.20|12,732.93|1,84,823.68|98.58|99.63|10.40|49,663.59|293.40|9,646.00|3.60|19.56|6.89
Tech Mahindra|504.05|4,112.94|47,650.04|30.35|28.38|0.08|48,951.34|4,032.90|8,272.90|3.41|15.70|8.63
Vedanta|163.35|0.48|1,24,180.66|-6.43|-6.89|1.98|48,428.28|70,107.83|-8,346.23|1.23|16.17|0.00
Bajaj Fin.|8,700.05|4,891.43|82,566.54|30.15|25.03|5.05|46,869.07|249.18|18,942.27|6.40|36.66|5.92

Siemens|1,310.35|1,048.47|44,568.32|18.75|17.71|0.00|46,664.22|1,355.60|3,036.00|8.61|73.64|2.35
Adani Ports|220.50|4,234.22|NaN|14.36|14.34|1.65|45,664.49|13,162.98|4,217.60|3.35|15.93|NaN
Zee Entertainmen|471.95|1,594.07|44,354.68|32.84|30.79|0.00|45,326.08|1,137.60|3,136.70|10.75|43.19|3.59
Grasim Inds|4,821.60|5,024.34|56,476.94|12.83|15.25|0.52|45,008.44|25,208.57|-1,079.64|1.77|19.08|8.90
Aurobindo Pharma|761.50|2,881.19|48,561.17|29.45|32.21|0.86|44,560.66|2,721.67|5,026.57|6.24|22.48|5.93
Cipla|516.40|1,872.05|42,796.01|22.22|22.28|0.12|41,498.15|3,524.19|3,645.43|3.33|30.91|4.37
Ambuja Cem.|260.85|1,255.07|35,482.27|13.76|12.70|0.00|40,481.24|6,227.11|648.44|3.82|51.01|3.54
Idea Cellular|111.10|5,808.20|53,176.26|20.08|20.50|1.18|40,004.93|26,024.12|-4,675.61|1.63|15.29|10.92
Motherson Sumi|302.30|2,610.48|42,585.33|21.02|31.50|1.55|39,990.63|5,918.90|2,034.40|8.72|30.94|6.13
JSW Steel|1,636.05|-2,379.19|70,282.35|-7.18|-7.06|1.49|39,546.60|38,569.39|-3,932.20|1.88|17.15|-3.39
Bajaj Finserv|2,430.20|6,681.00|71,958.75|NaN|-293.89|2.69|38,672.13|1,260.67|-3,546.74|2.89|20.76|9.28

Bank of Baroda|164.25|24,623.35|5,11,455.04|13.48|13.68|16.84|37,845.82|2,874.85|1,37,234.08|1.05|NaN|4.81
NMDC|95.45|4,570.71|29,917.37|31.99|12.09|0.00|37,843.06|1,362.28|21,802.36|1.07|12.04|15.28
Cadila Health.|365.80|2,172.25|38,962.90|35.48|34.05|0.46|37,448.50|3,352.20|2,281.90|7.00|24.57|5.58
Titan Company|417.75|912.94|37,121.96|27.24|25.85|0.03|37,087.85|683.23|2,513.73|10.55|52.54|2.46
Pidilite Inds.|718.55|1,091.76|36,827.52|48.62|73.09|0.03|36,838.29|729.13|444.78|12.17|48.76|2.96
Tata Steel|372.90|2,454.60|NaN|0.22|-11.83|2.57|36,216.62|74,906.93|18,558.32|1.28|149.97|NaN
H P C L|1,068.30|6,378.21|57,611.84|11.06|18.09|1.27|36,175.84|25,912.24|-93.87|1.82|9.37|11.07
Marico|279.05|1,054.03|36,245.51|52.50|52.12|0.16|36,002.23|1,075.92|799.26|17.17|49.67|2.91
United Spirits|2,446.15|1,620.26|39,749.28|-5.08|15.91|1.50|35,549.90|1,069.41|3,074.99|12.66|146.16|4.08
Interglobe Aviat|970.30|2,963.81|NaN|13.69|60.02|8.49|35,047.61|3,955.97|-706.90|14.53|17.61|NaN
B H E L|142.60|-1,449.89|25,207.91|2.98|-8.86|0.00|34,902.78|4,692.94|28,607.62|1.05|24.55|-5.75

Britannia Inds.|2,820.60|1,132.81|33,823.73|187.04|267.76|0.00|33,840.38|545.66|-139.69|17.02|44.77|3.35
Cairn India|172.95|-9,407.66|30,948.81|-63.42|-66.66|0.00|32,425.75|21,099.59|8,490.12|0.66|14.94|-30.40
Divi's Lab.|1,152.45|1,374.16|30,611.48|43.13|51.27|0.01|30,593.93|1,221.60|1,183.77|6.55|27.62|4.49
ACC|1,613.00|826.91|28,872.54|20.45|22.32|0.00|30,290.09|5,665.99|-2,080.49|3.50|52.40|2.86
Bharat Electron|1,252.65|1,817.46|28,040.79|13.21|16.03|0.00|30,063.60|650.95|7,247.61|3.25|22.03|6.48
Oracle Fin.Serv.|3,524.85|1,861.81|29,337.21|26.21|53.45|0.00|29,928.66|953.51|2,052.31|6.49|25.39|6.35
Indiabulls Hous.|708.05|7,895.65|68,667.64|95.64|104.56|7.02|29,835.22|46.03|6,630.59|3.40|13.01|11.50
Glaxosmit Pharma|3,458.95|577.01|29,183.49|28.78|31.68|0.00|29,297.31|123.06|1,181.93|17.06|78.45|1.98
Shriram Trans.|1,271.50|6,839.36|77,834.69|33.17|34.91|4.90|28,847.79|100.72|19,469.75|2.84|24.48|8.79
Container Corpn.|1,466.10|1,060.97|25,992.50|15.21|12.63|0.00|28,584.55|3,009.38|2,430.41|3.39|36.30|4.08
Hindalco Inds.|137.40|4,518.65|92,470.14|3.91|3.65|1.79|28,373.11|61,163.48|14,015.48|0.74|15.52|4.89

DLF|156.95|3,547.47|50,061.63|5.42|6.60|0.90|27,998.34|18,834.63|25,629.14|1.00|46.43|7.09
NHPC Ltd|25.20|4,264.05|42,312.32|8.63|9.80|0.70|27,898.09|24,077.14|5,826.98|0.91|11.43|10.08
Power Fin.Corpn.|207.05|27,273.42|2,10,085.15|117.79|121.51|5.83|27,331.44|70.63|22,305.04|0.71|4.47|12.98
A B B|1,271.15|591.66|26,964.12|19.12|17.80|0.20|26,935.67|1,399.54|1,872.79|8.75|85.09|2.19
Piramal Enterp.|1,554.95|1,832.95|42,662.81|15.40|14.63|1.31|26,830.66|7,065.23|2,372.51|2.16|29.25|4.30
Punjab Natl.Bank|135.95|26,374.69|NaN|28.53|24.09|17.28|26,695.11|3,551.48|75,722.09|0.75|NaN|NaN
GlaxoSmith C H L|6,315.75|1,056.18|25,502.37|32.70|30.45|0.00|26,564.04|491.74|2,053.24|10.86|40.84|4.14
LIC Housing Fin.|525.45|12,157.99|1,20,292.77|281.94|378.30|12.35|26,516.83|75.61|3,110.41|2.79|15.72|10.11
Ashok Leyland|91.70|1,442.73|27,217.92|18.02|21.61|0.59|26,096.69|5,255.55|219.77|5.81|27.26|5.30
Colgate-Palm.|926.80|828.15|25,014.73|103.80|85.21|0.00|25,207.63|781.58|-83.94|24.73|42.03|3.31
Emami|1,097.75|471.14|25,489.86|32.19|22.25|0.48|24,918.93|452.90|-48.35|17.76|69.40|1.85

UPL|566.60|2,248.23|27,461.85|24.31|22.47|0.62|24,284.72|4,030.80|4,858.61|3.58|17.96|8.19
Glenmark Pharma.|852.25|1,202.11|27,083.80|11.66|17.32|1.27|24,047.61|3,090.55|3,530.83|6.46|33.39|4.44
Torrent Pharma.|1,413.15|2,743.00|24,871.28|57.01|62.25|0.70|23,913.32|2,832.66|1,097.10|7.06|13.17|11.03
Cummins India|817.80|907.28|22,584.27|34.26|33.41|0.00|22,669.42|1,233.96|744.08|7.15|30.15|4.02
Oil India|374.45|3,809.54|22,143.32|24.31|23.38|0.39|22,509.54|1,149.65|8,735.04|0.94|9.02|17.20
Havells India|359.65|926.79|22,440.37|40.85|30.57|0.02|22,472.92|985.19|1,083.20|8.50|41.61|4.13
Petronet LNG|290.65|1,439.13|24,095.03|15.07|16.40|0.47|21,798.75|6,265.04|793.64|3.30|23.85|5.97
Berger Paints|223.35|589.86|22,007.38|36.80|39.01|0.25|21,684.36|930.66|446.60|14.67|58.64|2.68
United Breweries|783.30|524.29|21,540.68|16.42|20.16|0.45|20,710.45|1,606.92|567.83|9.66|70.31|2.43
S A I L|50.00|-5,151.69|50,390.32|6.97|-13.13|0.69|20,652.63|26,770.65|7,502.49|0.52|10.58|-10.22
P & G Hygiene|6,292.85|632.05|19,812.00|50.48|57.41|0.00|20,427.05|239.51|645.40|13.24|48.54|3.19

Castrol India|402.25|993.90|19,197.22|196.61|200.22|0.00|19,893.72|172.07|312.06|26.60|31.04|5.18
Rural Elec.Corp.|200.00|22,328.33|1,70,250.78|185.81|201.68|6.08|19,749.20|72.12|10,938.70|0.65|3.51|13.11
Tata Power Co.|71.65|5,412.11|NaN|10.83|11.23|2.90|19,378.67|43,393.60|27.64|1.29|20.82|NaN
Apollo Hospitals|1,379.45|585.70|20,622.72|18.65|17.05|0.53|19,190.91|1,988.70|604.47|5.44|49.07|2.84
M & M Fin. Serv.|321.70|4,092.47|52,100.89|25.10|23.25|5.26|18,296.69|118.86|17,282.70|2.83|23.69|7.85
Central Bank|103.50|16,152.79|2,78,079.65|62.46|57.48|19.14|18,228.62|2,833.16|20,369.81|1.27|NaN|5.81
Bajaj Holdings|1,613.25|429.90|16,546.88|40.54|22.27|0.00|17,953.86|543.96|1,355.46|1.17|7.93|2.60
IDFC Bank|51.60|3,517.28|70,746.65|132.70|78.93|4.12|17,517.68|0.00|3,301.96|1.29|37.52|4.97
Kansai Nerolac|317.20|1,064.71|16,658.27|33.33|29.85|0.02|17,093.91|905.00|763.75|7.47|43.86|6.39
Bharat Forge|728.45|1,128.13|19,582.06|20.69|19.60|0.83|16,958.32|2,628.69|1,538.90|4.74|25.84|5.76
Alkem Lab|1,415.40|912.16|18,089.55|16.97|25.45|0.44|16,923.23|1,170.01|1,452.95|4.61|25.14|5.04
Sundaram Finance|1,508.75|2,707.09|35,136.45|40.13|43.79|4.47|16,762.21|515.29|5,347.89|4.00|28.00|7.70

Aditya Bir. Nuv.|1,219.65|4,871.26|40,818.08|17.56|20.58|2.02|15,882.63|14,766.12|6,898.68|1.10|10.82|11.93
Tata Motors-DVR|311.55|1,426.86|NaN|NaN|NaN|NaN|15,841.59|NaN|NaN|NaN|22.87|NaN
Gillette India|4,738.00|375.83|15,260.58|36.99|51.24|0.00|15,441.14|172.63|380.69|17.00|64.62|2.46
Sun TV Network|390.50|1,332.61|15,347.53|43.36|49.71|0.00|15,388.82|1,241.84|1,390.52|3.62|17.99|8.68
IDBI Bank|74.55|16,983.05|3,34,061.70|31.00|28.46|15.16|15,348.47|3,011.30|40,675.36|0.69|NaN|5.08
3M India|13,614.20|310.18|14,983.48|32.66|29.54|0.01|15,343.20|387.75|642.42|15.21|76.36|2.07
Exide Inds.|179.95|1,015.71|15,115.93|37.96|40.09|0.03|15,295.75|1,781.23|204.82|3.57|21.66|6.72
Page Industries|13,446.25|359.52|15,078.93|58.03|54.85|0.19|14,992.57|217.26|431.11|29.68|64.44|2.38
CRISIL|2,103.05|438.42|14,857.87|79.26|84.90|0.00|14,989.84|431.91|43.74|16.04|48.76|2.95
Cholaman.Inv.&Fn|958.90|2,927.40|37,248.33|39.29|36.26|6.14|14,977.07|68.87|7,948.95|4.08|26.06|7.86
Amara Raja Batt.|876.10|722.68|14,819.54|38.90|40.98|0.04|14,963.79|623.19|707.63|6.84|30.57|4.88

NBCC|245.40|472.99|14,056.91|26.09|29.46|0.00|14,724.00|22.54|1,141.24|9.02|47.68|3.36
TVS Motor Co.|307.35|612.21|15,498.25|37.86|36.21|0.48|14,602.20|1,329.63|-43.85|7.54|33.47|3.95
Reliance Power|51.80|4,142.06|46,710.94|7.83|10.61|1.61|14,530.56|13,838.88|2,211.35|0.66|10.67|8.87
Reliance Infra.|552.15|4,517.47|39,844.32|3.79|10.56|0.98|14,520.99|10,301.01|6,862.01|0.52|7.22|11.34
MRF|34,221.85|2,672.78|16,157.74|28.39|44.65|0.42|14,510.06|2,969.54|2,247.45|2.34|8.68|16.54
Blue Dart Exp.|6,034.15|320.91|14,365.03|62.49|56.82|0.83|14,319.04|215.38|268.27|35.70|75.41|2.23
Biocon|704.00|1,237.70|15,430.70|13.94|14.14|0.61|14,080.00|1,629.90|2,307.80|3.47|31.52|8.02
Ajanta Pharma|1,596.60|555.52|14,099.48|64.72|55.10|0.07|14,050.88|271.32|425.85|12.49|33.90|3.94
Godrej Inds.|415.55|913.52|20,770.04|6.67|5.91|2.01|13,968.29|1,837.11|5,525.17|4.01|44.19|4.40
Canara Bank|256.90|31,073.00|4,63,880.66|40.14|36.77|19.37|13,949.44|6,949.45|64,045.85|0.53|NaN|6.70
Max Financial|513.40|595.05|13,992.93|NaN|-38.37|0.16|13,708.96|1,592.46|-2,591.10|4.15|49.22|4.25

Bayer Crop Sci.|3,866.75|470.20|12,540.81|28.03|19.75|0.00|13,670.51|227.80|1,675.90|5.86|45.43|3.75
The Ramco Cement|564.50|883.27|15,561.20|16.24|17.43|0.71|13,439.43|4,875.52|112.59|4.35|24.07|5.68
L&T Fin.Holdings|75.95|5,376.81|54,551.64|36.61|40.77|6.60|13,320.04|1,227.88|11,559.12|1.84|15.55|9.86
Tata Comm|464.75|764.24|26,678.16|4.01|3.96|-34.39|13,245.38|14,703.82|-564.48|NaN|NaN|2.86
Rajesh Exports|446.35|818.04|5,898.93|12.44|12.59|1.35|13,180.72|70.40|6,396.21|3.97|27.66|13.87
JSW Energy|80.05|3,554.48|28,325.02|18.30|14.54|1.82|13,128.60|13,190.68|386.48|1.54|10.25|12.55
Indian Hotels|131.85|348.10|NaN|-3.34|3.71|2.33|13,043.58|6,214.79|-27.81|6.16|NaN|NaN
Rel. Comm.|51.60|3,373.00|51,263.14|3.44|4.21|1.05|12,843.14|68,553.00|5,540.00|0.33|18.86|6.58
Neyveli Lignite|74.20|2,114.24|12,347.48|12.61|13.69|0.21|12,448.61|6,470.62|5,159.72|0.77|10.25|17.12
Natl. Aluminium|48.20|1,103.97|7,794.32|15.23|4.97|0.00|12,422.30|6,791.94|3,689.87|0.92|17.82|14.16
M R P L|70.55|1,751.35|14,228.01|-27.93|8.11|1.70|12,364.59|5,991.42|-3,084.11|1.92|9.51|12.31

Shri.City Union.|1,799.25|2,196.70|25,861.00|18.89|17.35|3.19|11,862.67|82.26|12,454.63|2.63|22.39|8.49
SJVN|28.45|1,914.07|11,536.80|15.40|10.34|0.26|11,768.70|5,668.66|4,266.61|1.01|8.36|16.59
Tata Chemicals|452.75|1,800.95|NaN|9.69|11.15|1.51|11,534.26|11,006.98|3,697.82|1.82|14.78|NaN
Supreme Inds.|890.95|581.61|11,707.31|25.13|38.76|0.34|11,319.52|1,032.50|288.72|9.27|31.56|4.97
MphasiS|535.90|963.11|11,436.17|21.74|19.82|0.10|11,264.40|2,404.27|1,536.38|1.83|15.55|8.42
Welspun India|112.00|1,274.02|13,810.08|27.33|26.57|1.34|11,252.92|2,627.00|1,111.91|5.66|16.01|9.23
Muthoot Finance|275.20|3,574.45|28,683.11|12.52|13.92|3.82|10,981.88|312.58|25,327.09|1.86|13.57|12.46
Dalmia Bhar.|1,227.65|1,288.01|19,544.89|12.06|11.16|2.24|10,900.71|7,787.61|-263.04|2.75|57.13|6.59
Alembic Pharma|577.85|939.27|10,574.15|72.86|58.50|0.08|10,892.47|546.87|821.52|6.81|15.14|8.88
GRUH Finance|298.90|1,169.11|21,081.88|228.55|227.46|12.26|10,870.89|13.73|499.42|13.01|44.63|5.55
Thermax|909.55|437.51|10,646.80|43.86|40.55|0.01|10,837.29|640.42|218.55|4.21|35.47|4.11

Whirlpool India|850.65|365.98|10,256.60|32.52|33.59|0.00|10,792.20|371.27|545.68|9.38|43.53|3.57
Voltas|325.50|567.41|10,649.46|17.00|38.05|0.06|10,770.80|288.41|786.54|4.33|30.27|5.33
Aditya Bir. Fas.|139.30|46.41|12,013.41|-6.04|2.24|3.80|10,709.98|1,633.17|52.14|46.39|NaN|0.39
Bank of India|114.65|22,281.07|4,75,655.07|18.64|15.82|18.19|10,708.71|5,772.91|1,09,886.70|0.35|NaN|4.68
Mindtree|637.25|773.80|10,544.92|56.27|55.93|0.02|10,695.02|462.60|776.00|4.43|17.68|7.34
WABCO India|5,619.10|271.32|10,440.77|29.90|30.29|0.00|10,653.81|323.74|445.55|10.11|52.07|2.60
Federal Bank|61.55|5,960.10|78,935.99|114.28|100.45|9.46|10,582.76|402.33|4,710.55|1.29|22.25|7.55
Dish TV|98.65|464.11|11,882.83|37.94|138.71|-4.76|10,514.76|1,356.44|-1,175.29|97.24|25.04|3.91
Vakrangee|197.60|660.32|10,820.30|39.73|40.18|0.41|10,456.92|434.98|1,341.50|7.62|26.71|6.10
Wockhardt|939.05|458.22|12,122.91|7.44|6.95|0.67|10,377.34|2,122.74|2,856.65|2.90|31.87|3.78
Sanofi India|4,480.85|513.40|9,751.66|26.77|28.06|0.00|10,319.40|648.36|506.45|6.04|35.86|5.26

Reliance Capital|406.35|4,553.00|35,179.73|67.13|70.39|1.96|10,265.73|482.00|5,857.00|0.71|9.32|12.94
Oberoi Realty|301.40|654.66|10,968.38|13.19|14.24|0.19|10,228.40|931.17|3,062.30|2.02|24.02|5.97
Strides Shasun|1,142.60|270.29|10,390.30|7.63|15.12|0.27|10,210.96|380.84|401.08|6.22|61.70|2.60
Info Edg.(India)|839.90|208.23|10,111.91|21.64|9.29|0.00|10,155.75|84.00|892.23|5.76|68.93|2.06
P I Inds.|739.60|413.28|10,244.06|40.18|45.05|0.13|10,141.93|523.64|311.48|8.48|32.37|4.03
Natco Pharma|581.80|229.54|10,432.86|16.92|22.28|0.37|10,133.46|644.74|272.04|10.12|65.30|2.20
Abbott India|4,684.80|402.54|9,815.01|34.85|32.33|0.00|9,955.20|96.04|980.71|8.99|38.34|4.10
Kajaria Ceramics|1,242.00|360.75|9,946.58|42.23|55.16|0.11|9,870.05|504.08|107.83|10.31|41.84|3.63
Bharat Financial|764.55|878.47|13,221.39|17.72|12.24|3.71|9,752.03|8.95|5,924.11|7.05|32.19|6.64
Adani Power|28.90|6,418.54|NaN|8.17|13.19|7.82|9,635.08|46,364.53|2,046.42|1.55|19.72|NaN
Union Bank (I)|139.95|25,651.08|3,54,021.88|61.28|55.06|18.40|9,620.74|2,677.82|36,066.35|0.47|6.85|7.25

Tube Investments|511.30|2,004.80|10,227.14|35.67|117.91|0.43|9,579.30|1,520.78|-301.28|2.88|20.11|19.60
AIA Engg.|997.80|603.50|9,321.09|38.51|37.01|0.05|9,409.25|388.65|919.53|3.75|22.18|6.47
Alstom T&D India|360.65|183.49|9,676.90|9.97|9.97|0.38|9,234.44|686.72|1,153.51|6.93|119.14|1.90
Suzlon Energy|18.15|1,694.99|24,380.29|-55.31|2.97|-1.95|9,112.21|13,514.52|3,652.29|NaN|NaN|6.95
Crompton Gr. Con|143.80|NaN|NaN|NaN|NaN|NaN|9,012.61|NaN|NaN|NaN|NaN|NaN
Adani Enterp.|80.90|2,675.04|NaN|9.59|1.53|3.25|8,897.38|70,578.70|16,478.66|0.33|8.07|NaN
Pfizer|1,943.45|402.74|8,822.29|17.83|17.06|0.00|8,890.84|944.34|941.66|4.20|40.92|4.57
Guj Pipavav Port|180.55|364.24|8,713.02|24.92|18.52|0.00|8,728.51|1,357.80|160.64|4.31|41.53|4.18
GMR Infra.|14.40|2,282.96|54,731.95|1.16|5.09|10.07|8,691.76|33,639.26|316.92|3.37|NaN|4.17
SPARC|349.00|-67.83|8,668.81|-89.44|-109.85|1.86|8,617.06|66.79|-5.22|288.19|NaN|-0.78
Symphony|2,450.70|198.50|8,567.45|969.85|684.18|0.00|8,572.18|31.30|-34.64|20.75|59.01|2.32

Honeywell Auto|9,682.15|222.02|8,387.01|24.78|30.69|0.00|8,559.02|65.07|548.80|8.39|61.79|2.65
Indraprastha Gas|604.50|643.94|8,336.43|37.60|36.18|0.07|8,463.00|1,895.25|-258.54|3.37|20.33|7.72
I D F C|52.65|4,869.68|NaN|53.80|40.24|5.59|8,402.61|1,369.88|10,306.85|0.83|4.86|NaN
Tata Global|132.60|614.21|NaN|6.95|7.27|0.24|8,368.78|5,181.01|2,146.89|1.45|26.09|NaN
Arvind Ltd|319.60|897.66|11,755.50|14.81|13.90|1.34|8,253.45|3,208.23|2,303.93|3.12|22.94|7.64
Torrent Power|170.70|2,317.48|15,621.73|15.23|13.13|1.13|8,204.13|9,100.50|781.26|1.10|8.87|14.83
Syngene Intl.|409.30|266.63|8,689.70|27.76|20.40|0.85|8,186.00|503.30|697.00|7.78|37.00|3.07
Dr Lal Pathlabs|982.90|201.22|8,114.11|48.14|40.65|0.00|8,132.81|150.08|280.68|16.05|64.44|2.48
Apollo Tyres|156.85|1,662.17|NaN|24.95|27.14|0.22|7,984.05|4,593.31|1,304.79|1.30|7.52|NaN
Godrej Propert.|368.55|429.57|NaN|5.11|6.33|1.89|7,974.03|63.74|5,178.86|3.84|34.50|NaN
Fortis Health.|169.95|102.65|9,473.55|-2.37|-3.28|0.44|7,872.08|4,146.78|293.21|1.96|NaN|1.08

CESC|584.65|2,389.45|21,457.55|9.21|9.08|2.70|7,749.95|20,868.69|2,509.26|1.40|22.75|11.14
SRF|1,337.35|699.06|10,014.87|11.13|15.07|1.07|7,679.06|3,550.76|536.88|2.85|18.16|6.98
IRB Infra.Devl.|216.90|1,931.22|19,754.47|6.94|5.42|2.88|7,622.95|8,554.40|1,592.14|1.53|11.99|9.78
Gujarat Gas|551.10|498.31|NaN|20.21|10.61|1.62|7,587.44|4,473.44|-210.42|3.54|44.77|NaN
Century Textiles|678.60|487.24|13,332.10|6.27|6.53|2.63|7,579.67|5,865.25|995.03|3.43|NaN|3.65
Indian Bank|157.45|12,752.92|1,77,358.06|70.15|68.97|13.49|7,562.19|2,963.49|12,405.47|0.56|10.63|7.19
Jubilant Food.|1,146.75|166.97|7,519.35|45.23|39.35|0.00|7,549.72|528.75|-307.50|9.61|65.90|2.22
Akzo Nobel|1,611.90|301.19|7,480.43|84.02|215.95|0.00|7,521.13|516.40|-404.40|10.34|38.54|4.03
SKF India|1,388.70|318.50|NaN|23.26|17.98|0.00|7,322.62|346.95|1,069.68|4.67|35.56|NaN
Guj.St.Petronet|129.75|745.12|8,376.43|22.48|22.06|0.32|7,309.79|3,159.34|21.11|1.80|16.45|8.90
Bata India|564.10|300.16|7,160.19|18.27|15.35|0.00|7,250.24|306.69|781.46|6.27|45.25|4.19
City Union Bank|120.00|2,565.87|28,885.31|81.45|82.65|8.99|7,178.30|182.95|2,398.11|2.29|16.14|8.88

Thomas Cook (I)|195.15|125.03|7,290.15|18.00|4.82|0.28|7,151.44|474.99|419.88|5.54|135.80|1.72
Coromandel Inter|244.75|755.77|9,212.38|16.01|15.69|0.93|7,132.83|1,379.59|2,882.86|2.94|20.68|8.20
TV18 Broadcast|40.80|217.64|7,341.04|-0.65|5.28|0.15|6,994.59|2,151.59|1,173.40|1.93|39.33|2.96
Engineers India|207.45|392.14|6,977.27|9.95|5.68|0.00|6,989.82|117.90|2,111.59|2.47|27.06|5.62
D B Corp|379.35|478.45|6,922.71|44.49|42.20|0.10|6,971.04|848.36|253.49|4.39|23.22|6.91
IIFL Holdings|218.40|2,522.33|21,235.58|25.42|28.09|5.46|6,916.82|499.64|8,406.92|2.37|13.53|11.88
PC Jeweller|382.25|753.32|7,435.81|28.30|26.85|0.34|6,846.10|83.93|2,485.04|2.86|17.08|10.13
Prestige Estates|179.90|967.74|10,316.94|16.61|14.27|1.06|6,746.25|2,377.04|3,185.37|1.62|19.21|9.38
EIH|117.15|175.79|6,941.84|5.95|7.45|0.10|6,695.71|1,946.71|-126.20|2.71|62.63|2.53
Fag Bearings|4,028.30|305.99|6,629.62|22.35|21.81|0.00|6,695.03|370.24|786.85|5.03|33.72|4.62
Balkrishna Inds|690.05|881.18|8,262.85|16.92|18.01|0.68|6,669.33|2,414.76|641.50|2.39|11.75|10.66

Jindal Steel|72.55|605.17|50,265.57|0.10|0.40|2.43|6,637.63|46,643.35|2,507.10|0.37|NaN|1.20
Vardhman Textile|1,039.00|951.50|8,943.58|9.20|17.11|0.81|6,613.24|2,774.68|2,165.50|1.77|10.13|10.64
Hexaware Tech.|218.45|510.00|6,307.15|48.35|51.40|0.00|6,593.13|515.04|415.36|3.91|16.73|8.09
KRBL|274.60|527.34|7,807.93|17.98|17.24|1.07|6,463.81|557.85|1,827.33|3.96|17.58|6.75
Syndicate Bank|80.75|16,191.53|2,64,469.03|51.55|45.17|26.78|6,447.88|1,510.72|27,917.26|0.60|NaN|6.12
Edelweiss.Fin.|78.05|3,191.26|29,184.97|17.63|18.96|7.46|6,424.76|481.27|16,197.54|1.80|15.50|10.93
Karur Vysya Bank|524.15|4,573.66|55,248.07|106.65|98.76|11.30|6,387.53|394.51|3,498.92|1.40|11.25|8.28
Jet Airways|560.95|2,041.67|17,319.54|-45.05|23.12|-2.70|6,372.39|9,634.96|-4,187.58|NaN|5.82|11.79
Dewan Hsg. Fin.|215.30|6,592.20|64,400.47|142.62|105.04|12.48|6,282.41|188.45|6,069.28|1.28|8.62|10.24
Manappuram Fin.|73.90|1,403.38|14,019.31|12.75|13.28|3.19|6,217.44|197.34|10,359.78|2.10|18.44|10.01
Atul|2,090.45|418.87|6,500.33|33.53|30.67|0.24|6,200.27|474.26|469.51|4.96|23.29|6.44

Solar Inds.|684.25|277.07|6,525.18|22.16|27.26|0.48|6,191.78|490.89|386.15|6.57|37.27|4.25
Advanta|586.90|182.91|7,017.02|12.70|6.82|1.29|6,149.37|736.18|945.02|7.32|53.63|2.61
Godfrey Phillips|1,172.00|246.93|6,361.91|23.64|18.41|0.21|6,094.40|665.46|551.49|4.18|36.94|3.88
Hind.Copper|64.80|46.82|5,675.60|1.32|-0.19|0.00|5,995.43|211.79|845.92|3.15|137.64|0.82
Finolex Cables|376.90|345.34|5,712.53|23.27|32.24|0.10|5,991.24|495.84|408.70|3.96|24.08|6.05
eClerx Services|1,462.70|390.55|5,781.16|86.42|75.90|0.00|5,972.71|65.26|394.67|6.27|18.89|6.76
Equitas Holdings|177.15|696.91|9,760.05|25.31|20.92|3.49|5,947.66|45.60|3,252.19|4.43|35.59|7.14
Narayana Hrudaya|290.45|100.51|6,179.42|9.93|9.52|0.29|5,935.66|913.21|13.68|6.69|242.57|1.63
Mahindra CIE|182.30|156.83|NaN|4.44|4.68|0.54|5,898.69|3,123.76|-361.64|2.93|42.13|NaN
Jagran Prakashan|179.95|443.20|6,579.76|39.60|40.09|0.71|5,882.78|507.33|544.06|4.57|23.40|6.74
Ipca Labs.|466.05|138.19|6,514.60|4.28|4.13|0.34|5,881.55|1,752.96|821.60|2.55|64.31|2.12

UCO Bank|44.95|10,933.78|2,11,647.70|29.16|34.59|24.33|5,848.25|1,066.27|24,116.42|0.63|NaN|5.17
Trent|1,750.50|128.90|6,165.28|11.75|8.66|0.27|5,816.91|387.77|202.52|4.11|74.54|2.09
Relaxo Footwear|483.80|200.47|6,042.54|30.67|32.20|0.65|5,807.52|365.84|130.58|11.90|49.50|3.32
Astral Poly|483.85|115.54|5,947.90|26.40|24.61|0.26|5,794.12|277.64|178.98|8.47|67.81|1.94
Bajaj Corp|392.40|251.79|5,794.99|125.69|173.57|0.02|5,787.90|109.64|63.69|11.92|24.64|4.34
Allahabad Bank|79.00|11,867.16|NaN|52.93|44.98|18.87|5,711.96|1,373.78|18,919.67|0.50|NaN|NaN
Finolex Inds.|457.30|388.14|5,876.39|32.55|40.09|0.22|5,675.09|867.77|-40.03|5.92|26.15|6.61
TTK Prestige|4,822.85|167.53|5,586.93|25.54|24.27|0.00|5,613.80|336.54|318.48|7.79|47.81|3.00
Capital First|612.30|1,114.57|16,243.69|27.94|22.84|6.98|5,599.79|19.09|4,846.97|3.37|35.69|6.86
Guj Fluorochem|507.10|1,055.11|7,054.21|13.22|14.72|0.61|5,573.03|3,728.58|2,359.87|1.22|14.03|14.96
Motil.Oswal.Fin.|389.90|398.29|7,972.27|51.41|57.48|1.80|5,571.94|300.13|357.86|3.88|32.96|5.00

Hatsun AgroProd.|356.45|202.24|6,014.40|16.38|25.77|2.77|5,424.04|503.67|134.20|19.24|89.65|3.36
Cyient|473.30|426.29|NaN|20.33|18.51|0.08|5,326.14|336.57|1,026.87|2.46|16.04|NaN
I O B|27.90|14,406.49|2,34,749.56|42.36|42.95|18.99|5,298.25|2,462.07|24,042.68|0.40|NaN|6.14
Jyothy Lab.|292.00|206.26|5,609.67|28.39|34.68|0.39|5,288.69|570.32|-82.95|5.12|32.58|3.68
Persistent Sys|655.55|395.72|5,107.29|40.43|37.48|0.00|5,244.40|407.65|402.43|3.20|17.64|7.75
Multi Comm. Exc.|1,018.65|83.14|5,160.13|39.81|-18.09|0.00|5,195.12|173.28|-62.06|4.18|55.93|1.61
Prism Cement|103.20|218.62|7,033.21|6.31|6.10|1.87|5,194.68|2,094.63|361.05|5.07|433.98|3.11
Sadbhav Engg.|300.00|246.28|6,237.13|18.35|16.11|0.81|5,147.12|498.19|827.03|3.46|34.20|3.95
HMT|42.55|-264.38|6,541.85|NaN|20.16|-0.39|5,123.41|112.40|-1,641.26|NaN|NaN|-4.04
Inox Wind|230.75|770.21|5,289.04|28.22|30.28|0.61|5,120.76|164.90|2,007.09|2.67|10.64|14.56
Tata Elxsi|1,628.85|236.35|4,892.90|72.41|61.29|0.00|5,072.24|98.49|259.31|13.15|32.76|4.83

Phoenix Mills|327.25|605.24|8,319.09|9.29|10.79|2.05|5,008.77|4,169.66|1,187.51|2.87|52.82|7.28
Century Ply.|224.80|244.49|5,479.90|29.27|32.67|1.30|4,995.06|211.96|534.40|9.01|29.72|4.46
Coffee Day Enter|241.75|266.59|NaN|3.88|7.58|6.69|4,980.09|2,486.85|267.48|9.52|NaN|NaN
J K Cements|707.25|412.72|7,119.46|9.66|9.59|1.55|4,945.80|3,337.96|291.83|2.88|48.71|5.80
GE Shipping Co|326.05|1,434.17|NaN|6.96|9.38|0.88|4,916.09|9,842.18|1,473.88|0.58|4.77|NaN
Religare Enterp.|274.50|2,153.96|20,337.18|25.64|11.32|4.24|4,895.28|1,980.90|5,741.60|1.28|34.68|10.59
BASF India|1,127.50|105.18|6,227.06|-2.76|-2.95|1.16|4,880.95|1,351.09|1,042.02|4.20|NaN|1.69
Repco Home Fin|773.80|778.63|9,928.48|183.81|220.56|6.29|4,840.07|4.99|343.56|5.03|32.25|7.84
Jubilant Life|301.60|962.91|9,205.98|4.63|14.60|1.95|4,804.49|5,098.78|1,449.19|1.67|11.42|10.46
St Bk of Bikaner|684.80|7,583.66|NaN|93.08|82.35|14.67|4,793.60|353.02|7,527.59|0.71|5.64|NaN
Ujjivan Fin.Ser.|404.30|621.73|7,264.48|15.27|18.73|4.24|4,780.50|12.73|3,240.77|5.69|31.14|8.56

IFCI|28.60|2,960.20|29,894.05|66.35|59.38|4.31|4,753.43|1,141.50|3,547.39|0.75|14.09|9.90
MMTC|47.15|87.78|4,837.87|-8.81|-9.87|0.21|4,715.00|75.23|1,251.05|3.33|153.18|1.81
PVR|1,009.10|226.34|5,440.28|11.09|25.58|1.83|4,714.61|819.73|-67.10|8.93|37.89|4.16
JK Lakshmi Cem.|395.35|156.80|6,536.01|9.49|4.17|1.43|4,652.09|1,571.54|-266.44|3.48|273.49|2.40
Reliance Defence|63.05|-331.79|10,947.94|-0.93|-8.57|3.22|4,641.80|2,715.01|891.42|3.23|NaN|-3.03
Allcargo Logist.|184.00|395.45|NaN|13.95|16.57|0.32|4,638.56|2,248.53|166.33|2.12|16.67|NaN
Carborundum Uni.|244.70|266.61|4,776.89|16.73|16.56|0.26|4,610.40|792.72|684.99|3.90|32.29|5.58
Shilpa Medicare|584.30|148.09|4,589.62|32.02|35.81|0.15|4,505.06|257.66|114.55|6.69|40.21|3.23
Zensar Tech.|1,007.00|439.47|4,365.45|29.17|26.77|0.10|4,498.49|547.35|904.48|3.16|14.55|10.07
Indbull.RealEst.|88.20|850.47|10,417.02|9.97|10.77|0.91|4,459.82|304.08|6,778.09|0.60|16.85|8.16
Aarti Inds.|534.40|447.15|5,627.42|23.06|25.32|1.32|4,452.64|793.29|792.06|3.84|17.64|7.95

NCC|79.95|803.59|6,368.80|14.63|15.88|0.62|4,444.67|691.63|3,189.71|1.30|18.28|12.62
Corporation Bank|43.25|13,240.47|2,07,524.09|48.02|44.18|20.43|4,422.25|522.67|24,768.91|0.41|NaN|6.38
Crompton Greaves|70.20|-132.83|6,454.96|5.37|-11.65|0.72|4,399.76|3,240.77|3,243.17|1.28|25.56|-2.06
Vijaya Bank|44.00|9,481.11|1,33,516.66|69.24|68.66|20.78|4,394.92|566.64|11,248.27|0.67|11.51|7.10
Netwrk.18 Media|41.60|83.49|5,105.39|-29.22|1.20|0.62|4,355.31|3,018.47|500.27|2.86|NaN|1.64
Sundaram Clayton|2,151.95|577.13|NaN|20.89|19.21|1.21|4,353.84|1,909.34|449.65|3.53|25.85|NaN
ALSTOM India|640.25|-123.05|3,793.97|-27.12|-29.33|0.00|4,304.40|396.38|482.86|4.63|NaN|-3.24
Monsanto India|2,484.85|109.84|4,283.98|77.49|48.59|0.00|4,289.53|88.32|104.54|9.02|41.19|2.56
H D I L|101.80|655.75|6,284.99|5.15|5.44|0.21|4,265.42|174.85|11,507.27|0.39|16.10|10.43
EID Parry|241.15|737.25|8,697.67|8.20|8.22|2.14|4,240.63|3,476.49|3,858.94|1.91|1,852.15|8.48
Oriental Bank|122.00|15,009.98|2,11,073.09|76.74|75.72|16.14|4,223.28|1,342.38|15,243.65|0.31|27.06|7.11

Andhra Bank|62.00|13,317.74|1,66,878.90|124.11|149.01|18.21|4,223.21|391.17|6,665.82|0.43|7.82|7.98
Birla Corpn.|545.70|268.46|5,382.05|3.34|3.34|0.47|4,202.44|1,922.57|540.35|1.55|23.06|4.99
Lak. Mach. Works|3,719.75|329.07|4,173.84|17.79|17.00|0.00|4,192.16|374.11|955.87|2.94|18.79|7.88
V-Guard Inds.|1,386.95|169.88|4,178.38|36.04|35.42|0.02|4,174.89|162.37|298.13|8.87|37.39|4.07
K P R Mill Ltd|1,103.65|265.79|4,798.08|17.39|16.94|0.76|4,158.55|956.88|446.22|4.08|26.73|5.54
JM Financial|52.20|1,204.94|9,950.35|25.22|25.17|2.29|4,121.65|445.35|4,295.26|1.42|10.29|12.11
Redington India|102.60|773.77|5,911.74|15.34|13.57|0.84|4,102.08|275.66|5,027.40|1.47|9.64|13.09
Rallis India|209.45|172.90|4,106.48|32.88|33.97|0.04|4,073.15|372.85|105.26|4.71|32.32|4.21
Aegis Logistics|121.35|170.35|4,159.62|28.35|28.21|0.37|4,053.09|453.86|102.19|8.03|35.76|4.10
Adani Transmissi|36.75|1,439.63|NaN|1.13|12.01|9.55|4,041.80|0.00|831.59|2.80|11.30|NaN
MOIL|240.30|270.25|1,207.15|10.50|-0.06|0.00|4,037.04|232.34|2,961.16|1.14|21.77|22.39
Bank of Maha|34.35|9,592.05|1,42,911.00|74.03|64.89|19.79|4,013.23|1,432.17|11,517.11|0.54|39.86|6.71

Kalpataru Power|261.20|596.82|7,571.76|12.05|9.89|1.66|4,008.11|1,765.95|2,576.26|1.81|33.60|7.88
Blue Star|444.95|169.85|4,246.21|18.72|18.56|0.42|4,003.00|217.50|207.49|5.94|45.13|4.00
Force Motors|3,032.25|253.60|3,721.75|6.44|17.85|0.02|3,996.51|643.29|382.84|2.67|22.27|6.81
Asahi India Glas|164.20|285.98|NaN|11.61|15.93|5.05|3,991.70|1,177.42|635.45|10.84|45.13|NaN
Sundram Fasten.|188.95|282.10|4,712.19|19.06|18.80|0.87|3,969.84|782.47|522.67|3.71|15.50|5.99
Triveni Turbine|119.45|155.39|3,915.46|70.68|67.26|0.00|3,941.52|133.63|80.75|13.33|37.97|3.97
ICRA|3,924.05|94.07|3,918.93|NaN|449.43|0.00|3,924.05|16.82|-1.03|8.95|61.78|2.40
BEML Ltd|942.15|113.30|4,421.82|0.79|2.65|0.31|3,923.11|498.70|2,299.76|1.84|74.51|2.56
Grindwell Norton|353.65|153.31|3,805.46|22.74|21.92|0.00|3,915.61|326.75|278.96|5.83|38.57|4.03
Just Dial|553.40|197.92|3,861.51|NaN|-105.40|0.00|3,903.50|52.80|-224.44|4.79|27.53|5.13
SpiceJet|64.05|522.61|5,471.82|-259.56|93.67|-1.03|3,839.48|1,876.66|-1,379.37|NaN|11.18|9.55

Kirloskar Oil|264.90|176.73|3,796.08|22.98|18.70|0.00|3,830.45|513.60|72.12|2.66|23.53|4.66
Timken India|554.00|142.74|3,730.66|32.75|34.91|0.01|3,767.20|96.52|277.97|7.10|41.86|3.83
ISGEC Heavy|5,117.25|284.80|3,786.04|30.84|28.91|0.34|3,762.69|399.44|356.43|4.06|21.63|7.52
Hitachi Home|1,378.70|78.95|3,905.44|15.75|14.77|0.45|3,748.69|243.03|257.12|10.47|75.02|2.02
Mahindra Holiday|419.65|202.87|4,265.08|10.23|8.39|1.05|3,725.65|1,031.53|1,013.82|5.56|37.93|4.76
S B T|523.65|7,552.04|NaN|92.86|74.80|17.28|3,723.37|431.95|8,116.41|0.62|11.02|NaN
Sterlite Tech.|93.60|365.49|5,352.13|17.80|24.08|1.36|3,701.04|1,006.10|519.03|2.67|25.91|6.83
K E C Intl.|142.60|601.99|6,088.56|20.08|16.57|1.67|3,666.25|1,258.90|2,304.68|2.42|19.49|9.89
Orient Cement|177.00|114.58|4,879.68|7.41|5.06|1.27|3,626.73|798.14|-35.15|3.57|58.27|2.35
Stand.Chart.PLC|53.60|NaN|NaN|NaN|NaN|NaN|3,625.67|NaN|NaN|NaN|NaN|NaN
OCL India|634.50|420.47|4,840.16|14.41|25.61|1.10|3,610.31|1,233.61|145.55|2.52|15.28|8.69

Indo Count Inds.|910.45|434.71|3,863.41|50.42|49.46|0.52|3,594.45|360.32|423.61|6.52|14.34|11.25
Westlife Develop|230.95|18.08|3,719.81|-8.91|-3.62|0.25|3,592.84|423.81|-48.89|6.70|NaN|0.49
Cox & Kings|203.35|407.92|6,276.05|2.09|-0.97|1.49|3,590.45|6,446.60|1,786.05|1.38|8.74|6.50
SREI Infra. Fin.|71.20|2,416.69|24,087.04|27.21|28.07|5.70|3,582.00|1,802.59|6,824.31|0.99|49.39|10.03
Sintex Inds.|80.20|926.43|7,192.39|16.64|15.87|0.93|3,581.34|2,665.49|1,144.37|0.75|6.47|12.88
Future Consumer|21.60|-11.18|4,103.50|-16.52|-5.21|0.59|3,580.08|286.01|415.03|4.15|NaN|-0.27
Infibeam Incorp.|673.75|-8.41|3,567.06|-18.85|-12.48|0.02|3,577.03|44.70|72.07|16.70|NaN|-0.24
Sadbhav Infra.|100.45|356.58|NaN|4.26|3.84|8.05|3,538.10|727.18|-36.31|6.71|NaN|NaN
India Cements|114.85|570.66|6,724.74|10.95|15.59|0.97|3,527.95|4,161.20|74.44|1.03|23.42|8.49
Videocon Inds.|104.35|2,067.29|27,123.13|7.20|5.68|2.31|3,490.08|5,932.64|15,023.79|0.34|NaN|7.62
CEAT|858.85|725.22|3,870.89|30.71|39.53|0.48|3,474.06|1,474.21|234.21|1.69|7.53|18.74

Greaves Cotton|140.70|292.53|3,401.57|15.59|43.63|0.00|3,435.99|368.10|165.39|3.39|18.83|8.60
FDC|192.85|221.07|3,418.66|47.33|47.29|0.00|3,428.87|272.13|17.34|3.16|21.87|6.47
Ent.Network|717.55|148.21|3,654.64|45.36|28.66|0.33|3,420.56|53.50|58.46|4.45|34.21|4.06
Schneider Elect.|142.75|24.63|3,691.94|-13.95|0.67|3.92|3,413.15|175.56|192.98|51.06|NaN|0.67
DCM Shriram|208.85|444.96|4,433.71|15.42|14.86|0.51|3,392.06|1,443.29|1,273.97|1.62|11.41|10.04
Jain Irrigation|72.20|511.26|6,252.95|9.31|10.25|1.31|3,392.01|2,002.37|2,341.99|1.39|47.09|8.18
Sharda Cropchem|375.50|254.07|3,404.49|49.16|54.69|0.06|3,387.78|63.21|256.54|4.47|19.89|7.46
J & K Bank|69.75|4,825.17|71,808.73|60.54|58.01|11.15|3,381.48|654.75|6,743.61|0.53|8.13|6.72
Manpasand Bever.|674.45|62.47|3,490.29|27.67|35.12|0.62|3,375.89|91.94|67.24|13.98|66.76|1.79
Techno Elec.|590.15|166.54|3,492.88|30.53|27.63|0.22|3,369.76|193.60|308.45|4.33|26.88|4.77
Can Fin Homes|1,256.45|1,059.89|12,819.07|NaN|-515.06|10.79|3,344.70|9.28|-214.67|3.61|19.14|8.27

Sequent Scien.|139.55|23.62|3,652.31|27.49|4.04|2.66|3,324.59|219.93|96.98|24.59|436.91|0.65
Greenply Inds.|275.10|201.00|3,648.53|17.04|25.07|0.68|3,319.96|685.30|246.63|5.40|25.64|5.51
Essel Propack|211.20|316.26|3,977.46|18.40|18.00|0.75|3,317.95|887.23|614.84|3.40|19.28|7.95
CCL Products|248.15|177.57|NaN|24.28|29.75|0.54|3,301.64|361.13|249.07|6.07|27.04|NaN
St Bk of Mysore|686.95|5,498.32|74,460.53|74.49|78.01|16.03|3,298.05|922.02|5,055.79|0.71|9.22|7.38
S C I|70.40|584.36|8,856.22|0.43|3.37|1.05|3,279.23|11,934.73|1,022.73|0.47|8.69|6.60
C P C L|219.35|1,096.79|8,627.58|-5.73|17.20|3.26|3,268.42|4,291.87|2,092.66|1.35|4.24|12.71
Va Tech Wabag|598.60|204.14|3,334.71|17.80|16.34|0.39|3,262.84|191.33|1,043.19|3.29|35.39|6.12
S H Kelkar & Co.|225.10|135.02|NaN|13.43|17.45|0.48|3,255.41|251.33|444.67|5.60|40.59|NaN
Firstsour.Solu.|47.95|348.06|4,073.47|11.91|11.30|0.37|3,236.12|2,443.93|393.56|1.33|12.21|8.54
Bombay Rayon|177.90|650.91|8,490.03|5.61|8.10|2.04|3,234.89|3,551.71|3,987.79|1.21|66.22|7.67

Rattanindia Pow.|10.95|1,086.09|9,857.42|-0.24|14.60|1.28|3,233.46|2,867.03|123.36|0.60|27.71|11.02
Sobha|329.20|453.40|5,335.78|10.62|10.28|0.87|3,228.14|315.07|3,717.78|1.26|21.06|8.50
Dhanuka Agritech|640.90|146.44|3,216.75|37.38|41.30|0.04|3,204.50|67.06|259.61|6.26|29.86|4.55
Cera Sanitary.|2,458.00|142.69|3,172.53|32.65|33.33|0.08|3,196.84|214.68|172.22|7.23|35.84|4.50
Balrampur Chini|130.20|180.66|4,787.26|0.28|5.44|1.48|3,189.75|1,522.37|1,128.54|2.60|11.94|3.77
Granules India|146.45|220.06|3,510.10|22.72|20.30|0.74|3,177.84|616.55|384.18|4.97|26.82|6.27
Gateway Distr.|290.45|187.84|NaN|19.41|15.53|0.20|3,158.01|1,258.09|86.07|3.06|28.81|NaN
Shoppers St.|372.20|117.09|3,694.88|17.47|16.62|0.75|3,108.05|596.31|-55.18|3.96|65.70|3.17
Zydus Wellness|785.65|102.51|2,743.15|26.19|28.00|0.00|3,069.53|44.42|220.62|6.43|30.19|3.74
La Opala RG|546.05|79.03|3,038.03|57.13|87.13|0.04|3,030.58|73.12|24.08|12.42|51.61|2.60
Navkar Corporat.|211.90|137.40|NaN|11.12|9.98|0.75|3,021.86|655.55|71.22|3.61|31.76|NaN

Siti Cable|38.00|157.74|3,982.90|0.36|9.37|7.62|3,017.76|767.91|529.97|16.65|NaN|3.96
VST Inds.|1,932.70|226.58|2,948.07|127.94|114.34|0.00|2,984.09|209.11|-17.28|6.00|19.49|7.69
Ashoka Buildcon|158.80|518.06|7,012.99|3.74|3.59|2.99|2,971.92|4,025.04|399.76|2.10|32.33|7.39
South Ind.Bank|22.00|4,638.41|57,906.92|65.13|65.81|15.65|2,970.70|469.22|5,689.60|0.78|8.18|8.01
G S F C|74.35|577.34|3,352.21|12.46|12.85|0.17|2,962.85|2,016.30|2,030.06|0.61|7.81|17.22
Omaxe|160.80|214.92|3,931.26|6.59|6.87|0.63|2,941.03|38.55|2,610.86|1.72|57.14|5.47
Karnataka Bank|156.05|4,217.34|51,435.66|75.03|72.46|13.97|2,940.89|291.85|4,764.53|0.80|7.08|8.20
Kaveri Seed Co.|423.55|182.99|2,922.17|97.22|43.43|0.00|2,924.83|135.38|232.63|3.13|16.51|6.26
Thyrocare Tech.|538.45|71.91|2,888.45|56.61|54.94|0.00|2,892.74|87.33|29.92|9.83|59.68|2.49
PNC Infratech|562.85|233.65|3,219.73|25.56|27.36|0.49|2,887.86|152.84|569.77|3.00|11.90|7.26
Escorts|235.50|143.16|3,131.35|-1.25|4.34|0.27|2,886.76|1,642.69|380.78|1.56|27.80|4.57

NIIT Tech.|470.20|381.56|2,600.36|26.70|23.28|0.01|2,877.88|557.89|730.58|1.81|10.24|14.67
Credit Analysis|977.45|176.82|2,862.97|1,777.38|1,824.62|0.00|2,873.81|51.50|-46.91|6.01|24.42|6.18
VRL Logistics|314.90|184.67|3,300.04|25.94|24.61|1.24|2,873.26|740.34|13.07|6.27|28.08|5.60
Linde India|336.85|108.90|4,379.92|4.93|3.72|1.13|2,872.66|1,664.87|4.02|2.04|166.34|2.49
Gulf Oil Lubric.|575.15|171.07|2,914.50|64.39|39.58|1.15|2,851.16|33.82|297.69|9.92|28.42|5.87
DCB Bank|100.05|1,370.30|18,030.51|144.88|188.57|9.24|2,848.18|236.68|363.32|1.59|14.63|7.60
KPIT Tech.|143.80|379.65|NaN|15.35|22.03|0.39|2,840.03|813.23|881.21|1.80|9.75|NaN
Tata Inv.Corpn.|514.40|234.22|2,811.02|NaN|556.51|0.00|2,834.34|0.24|41.79|1.27|13.99|8.33
Bombay Burmah|404.80|1,001.41|NaN|33.60|31.51|0.57|2,823.48|1,875.22|298.88|1.81|12.43|NaN
Raymond|459.80|345.36|4,838.03|8.73|9.43|1.26|2,822.29|1,274.38|1,497.75|1.73|27.14|7.14
Minda Corp|134.65|179.90|3,280.84|13.52|15.68|1.12|2,818.38|526.78|378.53|5.09|28.48|5.48

Transport Corp.|364.65|140.56|3,064.28|16.75|16.17|0.54|2,774.02|383.59|315.16|4.26|32.60|4.59
Chambal Fert.|66.30|386.22|6,694.25|7.31|3.62|1.71|2,759.47|2,632.14|3,056.82|1.15|7.15|5.77
Elgi Equipment|173.85|98.04|2,972.60|10.86|10.79|0.56|2,754.73|454.09|373.27|5.09|41.62|3.30
R C F|49.90|433.42|4,624.14|12.69|7.01|0.72|2,752.93|1,619.67|3,078.21|0.95|14.40|9.37
Dena Bank|41.00|6,618.10|1,21,058.83|41.55|44.41|19.91|2,734.43|1,153.58|11,920.99|0.44|NaN|5.47
Parag Milk Foods|323.65|80.64|3,262.96|14.17|13.36|4.43|2,722.37|241.91|299.04|17.70|104.75|2.47
Himatsing. Seide|275.75|263.11|3,444.94|10.87|17.73|0.94|2,715.03|1,043.60|391.33|2.79|16.29|7.64
Indoco Remedies|294.55|113.20|2,843.40|19.92|18.43|0.24|2,714.28|339.41|232.77|4.65|32.58|3.98
Hathway Cable|32.65|12.42|4,038.67|-4.34|-4.14|1.17|2,711.56|2,128.81|131.08|2.24|NaN|0.31
Heidelberg Cem.|119.50|159.16|3,860.41|9.92|7.53|1.51|2,708.03|1,787.32|114.66|3.02|70.07|4.12
JP Associates|11.10|5,224.71|76,708.63|7.64|6.84|5.10|2,700.03|45,434.22|12,989.77|0.18|NaN|6.81
Vinati Organics|521.50|194.42|2,660.31|37.53|35.00|0.08|2,690.47|327.25|155.92|4.98|20.45|7.31

Unichem Labs.|295.80|126.54|2,685.07|15.33|14.97|0.01|2,687.59|395.87|312.73|2.62|26.00|4.71
IL&FS Transport|81.60|2,960.01|25,508.55|24.18|24.85|4.40|2,684.31|5,576.03|2,170.94|0.47|8.62|11.60
G M D C|82.75|336.66|2,612.76|15.18|7.56|0.00|2,631.45|1,862.38|787.81|0.76|10.97|12.89
Kwality|112.00|355.99|3,703.67|20.51|22.07|1.86|2,623.87|99.12|1,418.86|3.58|18.19|9.61
G N F C|168.00|472.12|6,446.58|-3.41|5.45|1.55|2,611.06|4,873.49|2,121.01|0.96|11.54|7.32
Astrazeneca Phar|1,041.45|5.77|2,580.29|-23.23|-0.96|0.00|2,603.63|94.22|3.44|16.69|494.99|0.22
Star Ferro Cem.|117.15|227.29|3,465.20|13.81|14.54|1.30|2,602.76|1,172.23|503.59|3.37|28.13|6.56
United Bank (I)|24.25|6,945.42|1,13,587.64|50.86|42.64|24.28|2,599.51|873.36|11,638.46|0.53|NaN|6.11
Avanti Feeds|565.10|233.92|2,620.53|85.52|98.62|0.22|2,566.41|77.51|124.14|6.17|16.13|8.93
Suven Life Scie.|199.55|125.88|2,369.07|33.72|19.51|0.19|2,539.92|179.23|373.91|3.88|26.74|5.31
KSB Pumps|719.55|121.30|2,280.81|15.02|17.07|0.00|2,504.75|190.81|327.18|4.40|31.76|5.32

India Power Corp|25.65|77.71|3,025.93|19.34|14.71|0.56|2,497.80|307.65|71.17|2.49|78.32|2.57
Suprajit Engg.|189.75|97.65|2,655.03|32.39|34.67|0.73|2,492.15|133.32|98.31|8.90|46.44|3.68
Magma Fincorp|104.65|1,264.06|11,972.50|31.89|32.00|7.03|2,478.57|157.04|3,662.76|1.58|13.24|10.56
Somany Ceramics|582.15|107.21|2,621.17|21.57|26.49|0.66|2,467.12|215.82|134.11|7.83|38.57|4.09
Ratnamani Metals|527.35|244.45|2,457.88|30.01|26.46|0.04|2,464.20|441.82|435.65|2.30|15.14|9.95
Trident|47.95|413.33|5,016.59|11.05|11.06|1.77|2,443.13|1,795.59|786.08|1.45|10.69|8.24
Kitex Garments|511.85|184.80|2,295.87|37.47|35.03|0.30|2,431.29|188.23|298.04|6.62|21.69|8.05
Bajaj Electrical|237.05|255.02|2,623.32|40.15|42.13|0.37|2,395.39|277.66|272.19|3.22|25.06|9.72
Future Lifestyle|125.30|180.23|3,593.09|7.80|7.81|0.81|2,378.35|1,149.86|793.78|1.49|80.70|5.02
PTC India|79.50|346.07|2,104.60|17.53|21.86|0.00|2,353.28|29.97|1,143.77|0.82|9.32|16.44
Novartis India|735.65|234.59|2,326.56|19.57|1.87|0.00|2,351.14|8.50|1,046.06|2.02|35.24|10.08

H F C L|18.95|163.93|2,621.96|24.58|10.13|0.31|2,348.66|153.10|900.12|2.23|10.26|6.25
Navneet Educat.|97.95|197.88|2,471.05|33.42|29.38|0.25|2,333.17|184.87|440.87|3.37|18.26|8.01
Inox Leisure|241.00|102.92|2,556.35|9.92|18.52|0.34|2,324.69|586.12|-44.41|2.95|30.13|4.03
Welspun Corp|87.55|580.74|5,123.85|7.44|8.43|1.08|2,322.05|4,923.11|595.05|0.77|10.21|11.33
Rupa & Co|291.35|132.22|2,524.39|24.35|22.67|0.68|2,316.23|141.72|378.85|5.91|33.68|5.24
Bajaj Hindusthan|20.25|576.59|9,519.44|-5.97|8.42|4.03|2,295.46|4,986.84|1,885.73|1.36|NaN|6.06
Greencrest Finan|62.50|1.11|2,284.33|3.90|2.36|0.00|2,284.38|0.00|46.98|47.76|3,221.65|0.05
PTC India Fin|40.35|1,061.55|7,355.77|125.45|140.48|3.56|2,267.99|24.02|733.61|1.24|5.80|14.43
Bannari Amm.Sug.|1,970.65|125.17|3,464.42|4.15|5.95|1.28|2,254.42|631.72|1,142.23|2.31|89.32|3.61
NESCO|1,599.05|193.74|2,248.30|94.19|125.92|0.00|2,253.06|159.81|-18.08|3.35|16.95|8.62
Ingersoll-Rand|707.70|83.96|1,850.71|3.79|3.77|0.00|2,234.07|109.31|708.87|2.24|34.94|4.54

Kewal Kir.Cloth.|1,810.00|106.86|2,200.79|64.98|66.24|0.04|2,231.73|42.65|96.86|5.76|32.84|4.86
Wonderla Holiday|394.65|88.34|2,210.05|48.74|44.16|0.02|2,229.80|139.36|6.33|5.53|37.28|4.00
J B Chem & Pharm|262.50|236.32|2,322.69|30.37|38.38|0.10|2,226.52|282.21|162.40|1.87|12.62|10.17
APL Apollo|947.70|232.49|2,685.42|18.99|25.63|1.02|2,221.41|420.02|275.57|3.88|19.18|8.66
Gayatri Projects|620.85|228.59|3,834.67|11.62|15.12|2.61|2,200.94|229.36|1,260.51|2.97|37.53|5.96
DFM Foods|2,190.95|42.17|2,244.63|53.15|49.58|0.88|2,190.95|88.22|-30.14|33.79|87.50|1.88
Tata Coffee|117.20|273.49|3,034.34|12.57|12.10|0.99|2,189.30|1,664.18|249.08|2.42|19.63|9.01
Dishman Pharma.|134.75|327.81|3,083.09|8.58|16.06|0.76|2,174.79|1,505.17|435.17|1.55|12.71|10.63
Navin Fluo.Intl.|2,218.65|119.93|2,193.38|29.49|26.23|0.05|2,174.45|212.71|95.34|3.43|25.15|5.47
ITD Cem|139.85|184.26|2,579.88|1.07|23.41|0.96|2,169.88|282.80|443.90|4.08|35.94|7.14
Monotype India|30.80|12.06|2,262.04|17.30|7.73|1.36|2,165.62|0.00|129.71|30.02|1,555.56|0.53

Nava Bharat Vent|242.15|344.93|3,534.55|10.96|12.01|0.53|2,162.40|2,047.52|-99.77|0.74|11.09|9.76
HSIL|298.40|223.21|2,890.30|11.28|10.95|0.52|2,157.32|1,487.23|443.02|1.39|18.48|7.72
Huhtamaki PPL|294.15|178.55|NaN|20.94|16.99|0.86|2,138.82|275.29|207.88|3.29|23.57|NaN
Yamini Invest|40.50|0.75|2,128.17|2.18|1.65|0.00|2,129.19|0.00|45.14|32.13|4,090.91|0.04
Unitech|8.10|-642.01|6,675.12|-0.97|-5.22|0.41|2,119.20|4,274.84|10,055.52|0.20|NaN|-9.62
Delta Corp|91.60|100.91|2,429.63|2.74|8.21|0.44|2,112.88|760.06|113.71|2.62|61.65|4.15
Responsive Ind|79.00|57.31|2,607.05|5.07|2.22|0.65|2,108.51|1,149.91|443.50|2.45|114.84|2.20
Take Solutions|171.80|159.74|2,190.16|12.62|18.34|0.40|2,102.83|383.99|399.10|3.26|17.57|7.29
Intellect Design|206.35|22.03|2,049.92|-125.10|2.91|0.00|2,084.88|0.00|49.62|3.76|63.78|1.07
Ramco Systems|688.15|51.30|2,061.75|8.27|9.21|0.00|2,068.69|373.47|184.23|3.33|52.81|2.49
Shilpi Cable|186.30|301.88|2,348.10|34.33|31.61|0.87|2,061.08|95.99|794.23|3.02|12.61|12.86

8K Miles|1,884.30|87.36|2,038.07|32.63|79.45|0.00|2,052.78|52.25|30.62|13.55|39.71|4.29
JK Tyre & Indust|90.15|819.26|4,578.76|19.84|26.77|2.39|2,044.72|2,273.64|625.91|1.37|4.98|17.89
Igarashi Motors|665.65|102.37|1,971.66|31.40|30.25|0.15|2,037.45|121.06|153.29|6.92|32.02|5.19
Nirlon|223.45|141.21|2,719.34|5.13|6.43|2.92|2,013.73|2,395.30|-136.73|6.98|50.94|5.19
Pun. & Sind Bank|50.25|7,066.95|NaN|82.46|77.53|18.56|2,012.07|994.83|7,364.64|0.40|5.99|NaN
Apar Inds.|521.95|364.25|2,281.38|33.41|33.27|0.47|2,009.34|372.63|558.36|2.63|17.68|15.97
BF Utilities|532.60|351.87|3,851.08|23.74|23.61|-8.13|2,005.77|1,323.57|163.09|NaN|34.47|9.14
Hindustan Media|272.05|255.97|2,055.40|63.26|84.41|0.13|1,996.57|169.35|51.19|2.17|11.06|12.45
Lak. Vilas Bank|110.80|2,153.22|26,773.79|110.77|106.96|16.43|1,988.43|243.41|1,361.42|1.25|11.03|8.04
Texmaco Rail|94.20|38.82|2,083.73|1.30|1.79|0.12|1,981.23|160.09|173.30|2.18|91.72|1.86
Eros Intl.Media|210.85|337.46|2,430.47|39.61|38.70|0.33|1,973.48|1,040.83|-396.02|1.16|9.22|13.88

Polaris Consulta|192.55|219.63|1,691.08|30.42|27.97|0.00|1,955.14|234.68|485.47|2.03|14.45|12.99
GHCL|195.45|540.05|3,161.90|25.20|24.29|1.27|1,954.89|1,932.35|116.00|1.98|7.27|17.08
Eveready Inds.|268.80|97.99|2,139.09|11.37|11.26|0.28|1,953.64|696.36|103.50|2.96|38.57|4.58
Mahindra Life.|470.05|198.35|3,589.14|5.12|4.71|1.15|1,928.79|353.53|2,771.62|1.23|20.72|5.53
Ahluwalia Contr.|287.50|154.34|2,056.83|29.13|42.28|0.51|1,925.89|130.74|216.50|4.57|22.81|7.50
Quick Heal|274.25|NaN|NaN|NaN|NaN|NaN|1,920.60|NaN|NaN|NaN|NaN|NaN
I T D C|223.80|32.85|1,650.06|0.90|-1.15|0.00|1,919.53|52.22|311.39|5.52|61.13|1.99
Marksans Pharma|46.65|117.03|1,812.77|43.08|24.61|0.24|1,909.45|145.65|309.73|4.28|24.32|6.46
Federal-Mogul Go|343.05|100.21|2,129.01|7.46|9.99|0.50|1,908.39|473.92|180.66|3.86|43.36|4.71
Poly Medicure|430.55|72.64|1,963.42|33.18|27.91|0.40|1,899.30|120.43|69.61|7.94|40.15|3.70
Tide Water Oil|5,438.40|130.86|1,735.96|20.45|25.16|0.00|1,895.17|68.88|336.83|3.19|22.04|7.54

H T Media|80.45|360.39|2,050.09|18.08|26.35|0.19|1,872.46|750.73|83.54|0.90|11.16|17.58
Mayur Uniquote|402.30|125.07|1,879.11|47.11|45.52|0.08|1,861.75|136.50|127.43|5.44|22.56|6.66
Minda Inds.|1,169.85|167.56|NaN|12.40|24.84|0.65|1,856.01|400.54|173.40|3.92|17.37|NaN
Prime Focus|61.85|-10.70|2,850.57|-11.16|-2.54|0.93|1,848.57|1,092.24|268.20|1.84|NaN|-0.38
Hind.Construct.|23.70|1,035.79|12,560.74|10.56|11.56|15.69|1,846.61|4,493.98|2,527.20|2.63|NaN|8.25
Kushal Tradelink|155.50|116.25|1,940.03|55.12|48.44|0.81|1,844.75|16.63|222.13|13.71|18.62|5.99
Brigade Enterpr.|162.10|417.36|3,444.46|15.10|18.37|1.23|1,835.26|1,226.63|781.55|1.23|14.10|12.12
T N Newsprint|264.60|456.54|3,877.44|15.80|19.00|1.72|1,831.30|2,433.21|-94.53|1.26|7.21|11.77
TVS Srichakra|2,373.40|302.19|2,013.97|42.07|73.38|0.74|1,818.02|229.32|114.50|3.84|9.22|15.00
Jindal Poly Film|431.05|789.62|3,543.61|9.84|26.36|1.08|1,812.57|2,784.83|431.62|0.88|4.94|22.28
Nilkamal Ltd|1,208.70|171.15|2,002.48|12.31|24.41|0.42|1,803.38|332.58|379.66|3.02|17.36|8.55

Accelya Kale|1,205.25|118.04|1,778.00|140.39|151.09|0.00|1,799.44|79.02|-0.18|10.34|24.62|6.64
Sonata Software|168.65|231.86|NaN|66.40|66.71|0.06|1,774.20|16.62|274.97|3.02|11.37|NaN
V I P Inds.|125.00|93.55|1,776.14|30.82|29.49|0.04|1,766.25|55.43|258.71|5.25|27.82|5.27
Team Lease Serv.|1,030.30|56.02|1,731.63|12.34|12.24|0.06|1,761.48|2.92|261.10|5.68|49.09|3.24
Ashiana Housing|171.95|142.78|1,733.42|10.01|41.56|0.07|1,759.94|55.74|234.20|2.70|13.60|8.24
Supreme Petroch.|181.55|174.77|1,681.06|23.31|44.51|0.00|1,751.99|345.13|51.67|4.22|14.63|10.40
Vesuvius India|859.90|116.95|1,632.22|22.97|22.23|0.00|1,745.60|132.29|346.09|3.39|22.84|7.17
GIC Housing Fin|320.10|791.76|8,674.43|231.84|224.40|9.57|1,723.74|2.62|350.67|2.36|13.85|9.13
T.V. Today Netw.|288.30|147.51|1,660.94|26.41|27.94|0.02|1,719.81|215.10|179.13|3.16|18.24|8.88
Natl.Fertilizer|35.05|511.37|9,359.05|2.85|4.30|5.16|1,719.48|4,682.24|6,619.65|1.02|8.72|5.46
JP Power Ven.|5.85|1,828.79|24,386.96|12.26|7.20|3.59|1,718.73|12,448.73|-325.12|0.28|12.95|7.50
Uflex|237.05|552.05|3,466.24|10.57|10.58|0.64|1,711.74|3,239.85|1,592.22|0.51|5.47|15.93

VST Till. Tract.|1,980.20|112.60|1,692.84|34.76|34.45|0.00|1,710.80|124.20|156.58|3.91|23.08|6.65
Jindal Saw|53.50|575.72|9,691.03|4.33|3.95|2.26|1,710.68|5,843.03|4,783.17|0.46|NaN|5.94
Balmer Lawrie|595.15|238.99|1,334.93|17.78|20.35|0.00|1,696.22|290.30|461.17|1.59|10.39|17.90
JBF Inds.|205.80|372.66|10,160.69|7.23|4.52|4.72|1,684.92|4,479.32|1,686.43|1.03|54.34|3.67
Gallantt Ispat|590.65|38.60|1,718.78|8.99|9.38|0.18|1,667.76|257.74|145.86|4.68|58.29|2.25
J Kumar Infra|219.75|214.56|2,158.50|21.73|18.65|0.65|1,662.75|325.53|625.88|1.87|16.36|9.94
SML ISUZU|1,147.80|73.49|1,708.20|17.97|16.64|0.16|1,660.87|137.85|220.71|4.88|32.46|4.30
Guj Alkalies|225.95|273.19|1,813.95|9.61|12.32|0.08|1,659.38|1,615.25|185.77|0.70|7.49|15.06
Forbes & Co|1,280.00|171.93|2,546.82|8.16|7.48|2.41|1,651.20|877.73|336.81|3.72|55.04|6.75
Kesoram Inds.|140.80|814.66|6,470.57|-1.47|-10.95|13.31|1,651.14|1,546.66|2,620.86|4.18|NaN|12.59
Caplin Point Lab|1,070.45|74.77|1,579.21|98.61|113.85|0.02|1,617.45|100.51|-49.58|11.96|27.87|4.73

Skipper|157.80|200.31|1,968.77|30.61|28.69|1.28|1,614.55|338.52|328.93|4.09|16.97|10.17
Clariant Chemica|698.25|56.18|609.69|-1.87|0.32|0.01|1,611.69|165.99|974.44|1.12|64.44|9.21
Health.Global|189.10|36.67|1,932.71|6.08|5.93|1.25|1,608.79|511.52|8.78|5.73|2,593.96|1.90
Sunteck Realty|254.45|253.89|2,568.91|7.11|9.61|0.73|1,601.76|73.86|2,490.53|0.98|10.04|9.88
Den Networks|89.85|-102.59|2,448.63|-4.74|-9.22|0.58|1,601.13|1,355.20|917.04|1.11|NaN|-4.19
KNR Construct.|569.05|142.75|1,691.18|16.68|25.03|0.17|1,600.17|263.72|224.16|2.19|9.93|8.44
Dynamatic Tech.|2,521.65|93.62|NaN|11.06|12.08|2.09|1,599.09|686.95|89.86|6.17|130.11|NaN
Graphite India|81.10|135.66|1,821.64|7.26|7.35|0.14|1,584.69|638.09|900.73|0.86|19.24|7.45
Greenlam Industr|654.90|92.77|1,846.19|9.00|19.51|1.18|1,580.69|0.00|156.72|5.91|39.19|5.02
F A C T|24.20|-200.06|2,635.42|-39.00|-54.77|-1.25|1,565.91|276.06|117.18|NaN|NaN|-7.59
Lux Industries|613.25|90.74|1,793.74|23.71|21.60|2.17|1,548.64|31.75|381.40|8.45|30.16|5.06

Gati|175.60|107.30|1,999.63|8.96|8.90|0.90|1,543.51|740.61|299.84|2.77|41.91|5.37
Sh.Renuka Sugar|16.60|-1,166.38|10,378.61|-16.74|-20.16|-3.80|1,541.83|7,970.07|6.94|NaN|NaN|-11.24
Triven.Engg.Ind.|59.65|81.85|3,005.56|-4.28|3.69|2.23|1,538.64|950.34|940.25|2.37|NaN|2.72
Satin Creditcare|478.50|377.38|NaN|20.30|15.45|8.48|1,528.87|6.06|2,387.28|4.72|26.38|NaN
Praj Inds.|85.60|78.69|1,479.08|19.59|18.81|0.00|1,524.09|215.03|152.08|2.34|22.84|5.32
Mah. Seamless|226.85|68.93|1,514.68|3.83|0.20|0.00|1,519.89|1,230.56|988.23|0.66|38.81|4.55
UFO Moviez|549.40|112.11|1,614.37|14.33|18.55|0.28|1,516.39|479.07|91.07|2.93|23.89|6.94
Mah. Scooters|1,326.60|101.04|1,510.13|NaN|-85.51|0.00|1,516.30|4.38|1.17|4.86|15.01|6.69
IFB Inds.|372.60|37.38|1,478.62|7.15|6.69|0.04|1,509.78|272.99|85.81|3.62|48.14|2.53
Sanghi Inds.|68.60|39.79|2,116.87|1.77|2.25|0.67|1,509.06|1,238.04|315.24|1.65|24.41|1.88
Simplex Infra|304.65|525.72|4,709.55|10.01|9.56|2.24|1,506.49|1,163.82|3,370.60|1.00|22.73|11.16

Sudarshan Chem.|216.50|123.88|1,830.66|11.66|20.05|1.24|1,498.77|315.73|249.11|4.26|20.93|6.77
Himadri Chemical|35.55|85.71|2,563.39|3.33|5.23|1.32|1,487.44|1,139.48|601.29|1.82|NaN|3.34
Kennametal India|673.50|40.99|1,385.56|10.85|8.43|0.00|1,480.35|114.20|227.23|3.95|59.72|2.96
JSW Holdings|1,328.20|46.84|1,462.94|38.98|63.28|0.00|1,474.30|0.06|73.98|1.85|40.27|3.20
Jaypee Infratec.|10.60|571.95|10,154.36|9.62|4.03|1.38|1,472.27|9,628.57|4,394.49|0.24|4.15|5.63
Gabriel India|102.05|97.97|1,441.24|27.07|25.09|0.03|1,465.44|267.66|100.40|3.86|19.35|6.80
Wheels India|1,204.00|113.91|1,830.98|14.56|15.87|1.02|1,448.69|465.34|196.62|3.44|36.23|6.22
Deepak Fert.|163.05|300.52|2,783.80|8.08|10.28|0.91|1,438.10|1,388.11|1,074.72|0.87|11.87|10.80
Snowman Logistic|85.60|22.96|1,436.95|5.76|4.30|0.22|1,430.27|250.00|134.39|3.26|69.43|1.60
M T N L|22.65|-1,162.79|17,960.71|-19.61|-21.40|8.03|1,426.95|11,220.95|-1,344.30|23.14|NaN|-6.47
Anant Raj|48.35|121.32|2,725.82|5.30|2.16|0.33|1,426.81|2,680.50|1,666.72|0.34|21.97|4.45

Jai Corp|79.60|100.07|1,420.52|8.57|8.95|0.00|1,420.46|209.43|654.61|0.68|20.44|7.04
Swaraj Engines|1,142.95|76.09|1,418.82|32.92|29.65|0.00|1,419.54|83.85|99.92|6.63|27.73|5.36
Hikal|172.50|115.49|1,958.88|12.65|12.10|1.28|1,417.95|644.14|300.25|3.03|34.33|5.90
Geometric|217.00|193.83|NaN|28.23|35.91|0.14|1,415.77|170.60|228.31|2.76|13.44|NaN
NIIT|84.10|28.56|1,501.90|7.85|6.46|0.24|1,392.11|110.48|182.62|1.73|21.21|1.90
Jamna Auto Inds.|175.10|107.13|1,451.24|14.24|31.38|0.32|1,391.66|250.54|-27.39|5.13|19.24|7.38
Excel Crop Care|1,259.30|85.00|1,397.20|19.35|19.62|0.05|1,385.23|153.37|208.16|3.65|25.83|6.08
Elantas Beck|1,742.50|68.86|1,377.47|53.05|59.19|0.00|1,381.80|44.85|62.71|7.46|29.65|5.00
MPS|741.95|103.99|1,377.05|157.38|164.22|0.00|1,381.28|21.53|30.31|5.03|19.58|7.55
Swan Energy|62.15|14.09|1,514.10|2.09|2.00|0.35|1,374.76|96.25|614.77|3.12|2,327.72|0.93
Lanco Infratech|5.00|2,324.40|39,948.63|2.28|5.47|-87.53|1,374.66|21,754.41|1,648.83|NaN|NaN|5.82

Guj Inds. Power|90.70|311.48|1,612.70|13.31|13.50|0.33|1,371.84|1,990.57|157.88|0.68|7.28|19.31
Hawkins Cookers|2,590.45|63.66|1,353.48|76.25|69.60|0.52|1,370.35|22.23|64.84|22.44|31.78|4.70
Tata Tele. Mah.|7.00|257.09|8,729.15|-0.32|6.61|-2.50|1,368.45|4,517.89|-1,103.10|NaN|NaN|2.95
Z F Steering|1,505.40|60.04|1,385.07|28.08|44.64|0.09|1,365.40|95.99|23.81|4.66|30.30|4.33
OnMobile Global|124.45|21.19|1,229.53|-4.02|-1.48|0.07|1,364.52|503.04|247.50|2.12|NaN|1.72
Aban Offshore|227.90|1,249.49|15,274.42|9.39|6.34|2.60|1,330.15|17,865.83|1,030.53|0.24|25.94|8.18
D B Realty|54.05|17.84|2,501.10|0.10|0.06|0.35|1,314.82|455.46|1,608.64|0.39|NaN|0.71
K C P|101.50|131.97|NaN|12.73|12.22|0.85|1,308.34|569.76|325.32|2.46|25.27|NaN
Orient Paper|62.45|72.52|1,664.60|6.73|6.53|1.09|1,279.41|514.64|341.27|3.13|60.87|4.36
Orissa Minerals|2,120.90|18.90|518.38|-5.83|-6.07|0.00|1,272.54|83.81|772.53|1.52|119.71|3.65
Dalmia Bharat|155.80|134.95|2,157.16|5.48|9.45|2.05|1,261.20|767.30|454.35|2.46|21.58|6.26

Ramkrishna Forg.|438.75|127.10|1,977.67|16.85|16.32|1.78|1,257.89|233.70|233.99|2.73|22.92|6.43
KSK Energy Ven.|29.65|1,143.05|18,930.83|1.39|6.73|5.82|1,257.12|7,902.14|1,737.61|0.48|NaN|6.04
Asian Star Co.|779.00|112.70|1,928.01|8.19|7.50|1.44|1,247.18|174.37|1,333.09|1.78|17.04|5.85
Claris Lifescien|228.30|105.27|1,662.50|4.62|4.31|0.48|1,245.78|1,074.29|400.10|0.99|NaN|6.33
Agro Tech Foods.|510.10|40.92|1,337.24|15.44|13.11|0.28|1,243.11|150.42|134.59|3.69|53.22|3.06
Precision Camshf|130.90|107.85|1,349.02|NaN|32.57|0.66|1,240.21|NaN|98.27|4.77|19.51|7.99
Wim Plast|2,049.20|65.19|1,215.50|32.39|36.34|0.00|1,229.86|72.20|89.06|5.52|27.24|5.36
Cigniti Tech.|479.25|90.07|1,233.62|18.53|35.81|0.16|1,224.43|68.57|171.10|3.84|24.65|7.30
Dredging Corpn.|435.10|103.34|2,024.84|3.30|3.50|0.63|1,218.28|2,187.75|467.97|0.78|17.70|5.10
Goodyear India|527.80|168.24|986.89|28.35|28.53|0.00|1,217.63|210.24|245.88|2.02|11.33|17.05
Heritage Foods|522.30|101.44|1,329.20|15.83|28.64|0.82|1,211.74|271.48|49.77|4.88|21.52|7.63

Borosil Glass|4,020.50|60.72|1,237.63|1.18|1.10|0.06|1,210.17|156.43|77.73|2.13|23.16|4.91
Honda Siel Power|1,192.00|75.54|1,185.93|21.18|19.68|0.00|1,208.69|122.98|213.85|3.30|24.75|6.37
Fiem Inds.|1,010.25|94.92|1,322.06|22.27|28.18|0.55|1,208.26|312.98|-0.72|4.46|21.13|7.18
Radico Khaitan|90.75|192.40|2,047.48|10.74|10.73|0.95|1,207.43|572.74|861.00|1.35|15.71|9.40
Fortune Fin.Ser.|236.35|22.19|1,645.18|12.24|3.55|2.09|1,205.92|32.86|382.81|5.35|220.87|1.35
Meghmani Organ.|47.25|214.00|1,772.58|17.18|17.06|0.90|1,201.57|781.39|496.29|1.87|14.55|12.07
Internat. Paper|302.10|96.67|1,668.35|7.00|6.93|1.06|1,201.45|833.11|3.98|2.66|77.51|5.79
Aarti Drugs|496.10|136.20|1,661.76|18.70|17.53|1.33|1,201.41|431.48|314.17|3.43|18.13|8.20
Sanghvi Movers|277.10|236.01|1,505.96|5.74|24.02|0.51|1,199.84|1,004.83|58.28|1.56|10.26|15.67
Deepak Nitrite|102.90|128.77|1,687.93|16.13|16.01|1.04|1,196.61|548.72|197.81|2.52|18.37|7.63
Genus Power|46.30|126.76|1,523.60|16.69|19.48|0.74|1,189.02|99.34|446.62|2.10|15.53|8.32

Kama Hold.|1,831.90|548.81|3,543.72|11.21|10.68|1.83|1,181.58|3,575.31|545.90|0.87|4.14|15.49
Sagar Cements|674.55|100.89|1,197.99|7.08|11.25|0.42|1,173.04|335.11|309.87|2.05|23.58|8.42
Majesco|505.95|8.36|NaN|NaN|NaN|NaN|1,172.84|NaN|NaN|NaN|166.83|NaN
Rain Industries|34.85|816.60|8,016.07|8.72|6.29|2.59|1,172.18|8,711.79|2,208.93|0.41|7.79|10.19
Bodal Chemicals|107.10|144.06|1,376.06|40.43|33.75|1.30|1,168.46|168.28|178.14|4.72|14.35|10.47
Merck|699.05|86.27|1,151.24|12.59|12.46|0.00|1,160.42|109.71|369.95|1.92|20.65|7.49
Zee Media|24.35|40.87|1,432.09|2.79|2.66|0.67|1,146.37|629.58|292.13|2.13|NaN|2.85
INEOS Styrolut.|644.85|68.45|1,279.19|11.80|10.08|0.33|1,134.29|216.55|410.47|2.19|18.07|5.35
Hinduja Foundrie|54.60|-197.91|1,579.72|-39.09|-32.35|-1.44|1,130.52|664.68|153.80|NaN|NaN|-12.53
Empire Inds.|1,877.85|56.34|1,189.85|17.55|14.05|0.93|1,126.71|135.36|148.65|7.52|36.76|4.74
Puravankar.Proj.|47.25|353.41|2,701.79|13.00|11.39|0.79|1,120.49|92.11|2,811.70|0.48|16.77|13.08
Sutlej Textiles|681.70|222.55|1,712.04|16.23|18.57|1.07|1,116.62|507.07|388.62|1.59|7.62|13.00

Ramco Inds.|128.30|97.01|1,411.31|7.15|8.01|0.46|1,112.36|406.66|346.92|1.42|6.68|6.87
Kirl. Brothers|139.95|18.57|1,416.16|-0.97|-0.98|0.38|1,111.33|570.96|635.03|1.15|NaN|1.31
Srikalahas. Pip.|279.45|256.73|1,484.32|22.44|33.04|1.46|1,111.09|435.45|237.18|2.46|7.00|17.30
NRB Bearings|114.65|78.30|1,393.27|17.39|13.63|1.14|1,110.96|202.58|320.68|3.50|23.38|5.62
Titagarh Wagons|95.80|7.91|1,185.45|-1.75|-3.12|0.22|1,105.38|323.49|390.14|1.99|NaN|0.67
EIH Assoc.Hotels|361.95|59.40|1,134.85|20.98|22.11|0.15|1,102.86|263.10|4.82|4.61|28.74|5.23
Orient Refrac.|91.65|84.68|1,084.33|47.30|45.62|0.03|1,100.72|30.45|138.74|4.88|19.72|7.81
GVK Power Infra.|6.95|776.97|NaN|0.92|5.55|12.83|1,097.54|11,865.81|202.31|1.09|NaN|NaN
Mirza Internatio|91.15|147.70|1,308.53|22.80|27.36|0.70|1,096.59|307.84|226.58|2.81|14.04|11.29
Bliss GVS Pharma|106.30|113.31|1,179.40|26.75|26.67|0.24|1,095.95|53.53|256.86|2.53|16.70|9.61
Kaya Ltd|842.50|8.87|NaN|0.70|-2.38|0.00|1,090.15|112.15|0.18|4.34|123.88|NaN

Future Enterp.|23.45|565.10|5,767.11|7.86|6.67|0.91|1,087.77|4,340.25|3,059.86|0.21|21.27|9.80
Man Infra|43.90|63.90|NaN|2.46|5.36|0.25|1,086.53|58.06|478.41|1.67|81.93|NaN
Sangam India|274.70|174.39|1,695.77|13.88|16.25|1.66|1,082.87|537.61|402.46|2.41|14.01|10.28
Morepen Labs.|24.05|26.04|1,154.04|2.91|9.85|0.42|1,081.89|289.47|8.49|5.17|53.64|2.26
JMT Auto|42.75|26.66|1,239.75|11.15|8.19|1.02|1,076.94|210.82|108.21|6.46|183.48|2.15
Banco Products|150.60|122.68|NaN|10.46|18.12|0.06|1,076.79|243.37|389.38|1.52|11.98|NaN
Rolta India|65.95|628.56|5,715.50|10.26|8.28|4.06|1,074.27|5,396.30|1,754.43|0.74|5.68|11.00
Goldline Intl.|205.00|0.51|1,067.95|1.19|1.02|0.01|1,067.98|0.12|49.15|20.16|3,050.60|0.05
Astra Microwave|123.10|80.14|1,069.86|18.19|15.51|0.17|1,066.19|139.21|327.22|2.68|18.93|7.49
SQS India BFSI|997.95|56.50|978.92|45.97|45.65|0.00|1,064.29|24.30|83.43|9.78|28.84|5.77
RSWM Ltd|456.90|270.24|2,346.86|14.28|17.41|2.99|1,057.72|932.72|462.90|1.96|9.99|11.51

Xchanging Sol.|94.60|55.13|947.14|8.52|1.21|0.00|1,053.84|166.09|132.94|3.16|26.56|5.82
Time Technoplast|49.95|270.79|1,784.68|13.75|13.43|0.78|1,049.45|1,144.78|702.03|0.90|8.84|15.17
Atul Auto|476.35|72.30|1,019.46|51.86|62.95|0.00|1,045.26|52.70|33.32|6.21|22.06|7.09
Media Matrix|9.07|-20.67|1,077.23|-31.62|-24.71|1.19|1,027.36|75.13|34.92|52.76|NaN|-1.92
Jindal Stain .Hi|43.85|459.56|1,867.18|90.44|45.22|1.55|1,013.75|0.00|-1,653.11|1.80|522.65|24.61
Alembic|37.65|25.31|1,003.03|-0.43|-0.45|0.00|1,005.37|169.02|73.24|3.47|36.05|2.52
Kolte Patil Dev.|132.60|187.28|1,345.51|16.48|13.56|0.45|1,004.71|112.08|1,153.80|1.12|17.01|13.92
Pilani Invest.|1,265.75|4.16|996.69|99.81|8.85|0.00|1,001.05|0.04|46.86|1.16|281.20|0.42
Parsvnath Devl.|23.00|80.00|2,355.02|-6.52|1.54|0.56|1,000.91|116.90|2,498.10|0.39|211.98|3.40
Siyaram Silk|1,065.50|163.26|1,303.73|18.28|19.23|0.71|998.37|349.46|428.11|1.91|11.40|12.52
Welspun Enterp|57.05|50.98|757.89|-22.23|-0.20|0.30|992.90|534.91|161.44|0.66|NaN|6.73

Bombay Dyeing|48.00|197.40|2,659.17|11.68|8.06|3.64|991.37|857.75|1,122.05|2.55|75.16|7.42
Insecticid.India|478.95|75.76|1,304.93|19.50|13.41|1.10|989.88|170.08|356.01|2.99|25.19|5.81
Ballarpur Inds.|15.10|235.83|6,660.38|2.61|2.41|2.93|989.81|8,258.70|884.85|0.55|NaN|3.54
Zee Learn|30.80|35.14|1,096.43|31.61|-6,134.00|0.49|987.31|14.45|-9.93|3.89|51.61|3.20
Mercator|40.30|-844.82|3,567.32|-21.44|-31.58|3.13|986.95|4,983.64|-35.57|1.16|NaN|-23.68
Sona Koyo Steer.|49.00|111.19|1,246.51|13.92|13.24|0.88|973.63|584.15|119.35|2.80|26.29|8.92
Kiri Indus.|348.60|74.56|1,740.33|7.86|10.12|6.96|970.64|263.20|344.96|8.10|221.60|4.28
Amtek Auto|42.90|945.99|NaN|3.51|4.44|2.29|964.20|18,718.98|2,844.69|0.16|NaN|NaN
Oricon Enter.|61.30|76.45|1,309.15|5.91|3.77|0.58|962.70|536.70|248.89|1.48|50.43|5.84
Shanthi Gears|117.15|23.46|955.92|6.46|6.88|0.00|957.12|81.65|142.32|3.37|52.47|2.45
Esab India|620.30|41.09|927.53|20.23|18.49|0.00|954.64|83.04|100.90|3.03|30.99|4.43

Indiabulls Vent.|32.55|225.21|2,082.03|18.68|10.03|5.30|953.29|34.15|1,250.59|2.43|12.91|10.82
Vaibhav Global|292.40|51.62|1,008.50|8.23|9.58|0.30|951.00|75.86|331.16|2.59|23.88|5.12
Bhushan Steel|41.95|1,008.45|39,942.04|3.47|2.30|5.04|950.23|21,872.26|6,352.82|0.19|NaN|2.52
Shemaroo Entert.|348.95|108.94|1,083.40|21.77|24.75|0.43|948.52|34.11|402.20|2.52|17.11|10.06
Prabhat Dairy|97.10|80.79|NaN|16.94|16.07|1.13|948.44|262.72|201.02|2.61|38.67|NaN
Camlin Fine|91.90|74.46|NaN|26.76|24.36|1.19|948.27|83.15|181.77|5.56|24.51|NaN
Kingfa Science|935.70|24.59|1,021.14|4.29|28.95|9.23|946.05|24.25|56.97|49.87|87.60|2.41
Tata Sponge Iron|613.55|47.11|694.81|2.72|2.99|0.00|944.87|147.60|152.19|1.17|30.65|6.78
Jaybharat Text|24.65|-14.47|1,494.76|-43.45|-4.44|-2.56|943.69|234.94|108.49|NaN|NaN|-0.97
KEI Inds.|121.75|222.30|1,388.18|22.05|29.04|1.49|940.37|314.08|449.08|2.57|15.12|16.01
Shreyas Shipping|426.45|59.09|1,078.05|19.37|17.82|0.71|936.48|174.21|62.54|4.13|19.24|5.48

Guj. Ambuja Exp|67.45|132.63|1,237.27|10.35|12.42|0.37|933.17|479.34|446.06|1.00|9.01|10.72
Sri Adhik. Bros.|265.15|39.72|1,127.14|15.40|12.63|1.03|926.55|155.96|70.84|4.56|107.74|3.52
Kirl. Ferrous|67.45|109.05|1,028.36|19.10|18.57|0.22|926.14|541.86|24.84|1.88|16.04|10.60
Monte Carlo Fas.|424.15|106.34|1,049.66|20.40|18.55|0.31|921.77|167.30|317.15|1.95|15.64|10.13
Geojit BNP|39.20|63.00|857.81|19.03|10.85|0.00|921.44|95.33|243.52|1.88|24.50|7.34
Automotive Axles|608.25|56.89|978.15|5.75|16.13|0.21|919.07|166.31|166.18|2.73|26.43|5.82
Maithan Alloys|314.90|87.95|1,119.16|16.91|16.82|0.66|916.72|293.42|214.33|2.84|16.62|7.86
Garware-Wall Rop|418.60|95.76|945.13|20.85|28.81|0.13|915.98|152.69|154.59|2.46|14.80|10.13
Pricol|96.50|69.47|963.12|14.00|25.71|0.17|914.79|172.22|69.05|3.06|18.67|7.21
Stampede Cap.|39.90|67.00|908.14|33.16|92.41|0.04|913.75|11.47|30.83|6.57|13.67|7.38
Polyplex Corpn|285.70|112.25|1,494.01|0.48|1.79|0.78|913.67|2,498.29|1,820.37|0.42|9.82|7.51

ITI|31.70|408.35|1,864.13|-20.23|-9.28|-0.57|912.96|2,452.86|-390.54|NaN|6.58|21.91
Savita Oil Tech|620.95|66.88|955.02|4.55|10.10|0.11|906.59|286.81|313.50|1.51|26.42|7.00
Indian Hume Pipe|370.85|90.13|1,208.71|14.51|14.16|1.04|897.46|74.72|542.67|2.93|30.83|7.46
52 Weeks Enter.|256.50|1.10|907.25|-120.83|-102.86|0.79|894.67|0.00|0.70|52.85|903.81|0.12
Nitin Fire Prot.|30.60|153.65|1,338.70|12.47|15.47|1.15|894.35|176.25|707.38|1.67|9.07|11.48
HBL Power System|35.20|85.42|1,567.59|6.50|6.19|1.16|890.56|474.13|741.00|1.47|39.09|5.45
Foseco India|1,392.55|50.78|877.33|45.93|47.14|0.03|889.84|26.11|76.58|7.58|26.71|5.79
Sical Logistics|159.55|74.93|1,698.55|5.32|7.99|1.93|887.10|534.48|185.09|1.94|63.27|4.41
HCL Infosystems|39.60|-111.73|1,829.90|-9.48|-17.32|0.70|882.76|89.29|1,464.98|0.72|21.45|-6.11
BGR Energy Sys.|122.00|297.45|2,707.20|8.60|8.79|1.58|880.35|194.41|3,138.95|0.64|22.40|10.99
Neuland Labs.|984.70|65.74|1,062.18|17.29|21.45|1.18|874.73|130.85|160.66|4.72|33.12|6.19

Rane Holdings|610.85|154.21|1,317.86|11.05|10.02|0.86|872.29|744.72|244.52|1.43|6.41|11.70
NOCIL|54.10|127.46|890.30|27.19|29.07|0.06|869.87|293.23|138.22|1.86|11.19|14.32
Lloyd Electric|239.30|184.45|1,526.68|15.40|13.74|1.00|866.39|324.76|1,023.59|1.12|9.50|12.08
Centrum Capital|20.70|110.54|966.62|24.50|20.61|0.90|861.12|104.46|455.63|3.07|18.86|11.44
Tinplate Co.|82.25|119.17|857.27|15.91|15.86|0.00|860.91|680.31|-39.74|1.44|12.58|13.90
Hotel Leela Ven.|18.45|-99.12|5,869.47|-5.39|-5.84|-19.02|860.89|5,533.12|-171.25|NaN|NaN|-1.69
Tata Metaliks|340.25|97.95|1,130.46|40.42|35.76|2.21|860.49|200.13|84.17|7.05|17.00|8.66
Hinduja Ventures|417.35|57.10|1,858.12|2.42|2.35|1.38|857.88|603.51|761.58|1.12|63.74|3.07
Balaji Amines|263.25|113.26|1,003.65|26.27|27.80|0.55|852.93|321.08|76.92|2.92|13.92|11.28
PTL Enterprises|128.45|64.36|940.87|19.05|19.12|1.35|850.34|323.27|-11.44|9.98|25.39|6.84
V-Mart Retail|470.60|44.97|878.15|31.00|21.11|0.15|850.22|69.96|105.55|3.66|31.81|5.12

TajGVK Hotels|135.45|46.68|1,119.39|12.09|12.05|0.77|849.27|407.64|-68.14|2.41|100.86|4.17
GOCL Corpn.|170.55|115.60|2,173.09|1.86|2.08|4.01|845.46|1,029.98|164.38|2.53|24.88|5.32
IOL Chemicals|150.25|22.91|1,231.98|-3.10|3.81|1.99|844.49|410.60|197.93|5.11|NaN|1.86
JK Paper|56.75|313.52|2,914.41|5.07|10.94|2.70|842.91|2,468.40|434.94|0.99|10.59|10.76
Hinduja Global|399.60|196.04|1,278.58|11.97|11.32|0.60|828.33|1,088.43|757.12|0.70|8.20|15.33
Ricoh India|208.05|32.83|1,471.23|19.12|1.86|4.16|827.41|69.40|770.51|38.27|24.97|2.23
Kokuyo Camlin|82.40|18.02|885.20|4.41|4.36|0.45|826.50|107.05|185.05|3.79|157.13|2.04
JMC Projects|246.10|163.31|1,481.88|15.39|17.14|1.40|826.43|274.84|597.62|1.60|20.15|11.02
Power Mech Proj.|561.15|146.73|NaN|29.05|28.56|0.73|825.49|173.21|315.91|1.93|11.11|NaN
TD Power Sys.|248.00|21.75|689.62|2.39|0.56|0.12|824.35|216.30|220.28|1.63|55.03|3.15
Ushdev Intl.|243.00|333.98|3,137.93|12.06|8.22|2.92|822.56|124.74|2,973.67|0.90|15.77|10.64
Technocraf.Inds.|260.15|127.34|964.89|19.09|21.49|0.27|820.25|103.66|407.01|1.23|10.07|13.20

Mangalam Cement|306.20|11.77|1,197.97|7.11|0.81|0.79|817.25|515.01|126.80|1.66|40.50|0.98
Shriram EPC|24.65|-25.33|2,901.09|-10.87|-11.30|-8.91|814.99|43.26|713.88|NaN|NaN|-0.87
Kalyani Steels|186.25|186.22|1,026.91|21.76|26.67|0.46|813.17|339.05|245.04|1.38|7.16|18.13
Orient Green|10.90|-65.47|NaN|1.22|-2.80|2.61|806.38|2,920.43|-14.52|1.65|NaN|NaN
Sunstar Realty|34.10|0.97|807.43|9.17|7.18|0.05|805.44|0.00|13.22|18.30|1,200.70|0.12
Arcotech Ltd|381.15|86.46|1,003.90|25.25|23.64|1.22|800.42|87.48|264.69|3.94|21.95|8.61
Panacea Biotec|130.60|115.71|1,800.56|0.17|3.81|8.95|799.93|1,085.95|2.79|7.01|NaN|6.43
G M Breweries|546.20|85.77|764.61|108.07|88.44|0.00|798.66|85.93|10.67|4.13|15.13|11.22
Nectar Lifesci.|35.60|195.08|1,689.90|11.62|11.17|0.97|798.51|947.54|762.04|0.78|13.47|11.54
Infinite Comp|205.10|159.27|667.17|18.48|17.90|0.07|793.87|324.27|507.69|0.87|6.57|23.87
L G Balakrishnan|505.05|86.85|938.00|18.77|17.36|0.37|792.74|273.64|146.60|2.00|13.80|9.26

Hind.Natl.Glass|90.70|66.94|3,484.91|-1.36|2.17|6.36|792.26|2,504.88|501.78|3.44|NaN|1.92
Volt.Transform.|781.20|59.72|787.70|5.73|13.62|0.00|790.57|47.07|189.63|1.63|17.98|7.58
Dhampur Sugar|118.55|196.06|2,389.01|5.11|8.01|4.29|787.02|1,085.95|768.07|1.93|35.47|8.21
Kellton Tech|165.65|60.35|NaN|23.52|34.70|1.26|778.55|53.56|62.77|8.09|19.68|NaN
SMS Pharma.|91.65|73.38|940.51|19.40|19.44|0.66|775.84|246.61|86.31|2.62|18.63|7.80
Ruchi Soya Inds.|22.90|-339.82|4,351.28|8.49|-7.43|1.66|765.09|2,496.16|3,156.66|0.58|80.72|-7.81
L T Foods|286.25|267.35|2,437.04|10.82|12.47|3.66|763.23|349.69|1,766.97|1.42|6.92|10.97
Andrew Yule & Co|21.95|30.42|819.89|0.07|0.28|1.09|759.69|177.65|112.88|7.54|53.72|3.71
Zuari Agro Chem.|180.30|341.40|4,156.70|6.69|7.24|3.41|758.34|449.84|3,246.42|0.75|89.43|8.21
Alkyl Amines|370.15|80.51|862.47|29.65|28.58|0.56|754.97|150.54|90.99|3.78|15.14|9.33
Kovai Medical|684.10|78.80|855.57|26.58|25.56|1.18|748.41|277.18|-2.95|4.18|18.51|9.21

Apcotex Industri|360.15|35.87|773.54|33.70|30.11|0.31|746.88|67.79|31.49|6.00|30.27|4.64
Steel Str. Wheel|480.25|122.08|1,276.61|7.87|11.86|1.82|745.45|571.44|328.85|1.83|12.19|9.56
Vipul Ltd|61.55|22.99|954.17|1.58|1.85|0.56|738.50|9.49|633.94|1.80|631.28|2.41
SE Investments|181.95|133.47|1,135.06|14.37|14.88|0.79|737.99|2.52|894.02|1.31|16.35|11.76
Electrost.Cast.|20.50|250.48|3,116.60|9.05|9.05|1.25|731.76|1,094.63|1,305.05|0.36|12.41|8.04
Balaji Telefilms|96.35|18.78|720.68|-1.69|-2.48|0.00|731.59|22.35|111.58|1.90|260.34|2.61
TTK Healthcare|941.70|38.87|693.15|24.25|20.53|0.29|731.32|51.88|55.84|5.55|32.27|5.61
MEP Infrast.|44.95|424.93|3,750.13|17.08|16.97|30.37|730.75|2,155.93|235.00|7.22|27.75|11.33
Lycos Internet|15.25|616.03|764.63|46.75|52.09|0.06|726.28|273.87|915.21|0.38|1.79|80.57
Vindhya Telelink|612.75|168.70|1,026.30|24.03|33.70|1.03|726.11|54.14|379.14|1.95|9.02|16.44
Hubtown|99.25|316.72|1,970.55|25.83|43.75|0.74|721.94|23.71|637.45|0.42|33.89|16.07

Surya Roshni|164.55|181.44|1,642.51|9.71|10.51|1.50|721.22|911.86|772.04|1.04|11.62|11.05
Munjal Showa|178.85|87.97|713.84|33.42|27.52|0.00|715.40|232.92|92.96|1.52|11.70|12.32
Capital Trust|487.45|51.66|767.18|37.80|65.36|4.17|714.97|0.61|78.17|15.97|27.70|6.73
Punj Lloyd|21.50|-726.34|5,737.20|-8.18|-12.10|1.63|714.02|1,510.11|5,687.89|0.46|NaN|-12.66
Oswal Green Tech|27.75|51.25|611.34|1.36|2.26|0.00|712.65|130.41|1,700.74|0.33|15.80|8.38
HEG|178.30|49.39|1,625.59|6.21|2.97|0.97|712.49|940.57|614.35|0.77|12.96|3.04
Deccan Cements|1,017.50|95.80|876.80|10.26|22.14|0.78|712.25|373.06|70.08|2.45|15.63|10.93
Tasty Bite Eat.|2,709.15|26.97|733.49|21.74|30.17|0.98|696.25|63.57|27.00|11.55|43.19|3.68
Grauer & Weil|30.60|61.90|708.94|19.51|19.39|0.11|693.70|215.57|81.94|2.76|16.36|8.73
Elecon Engg.Co|63.65|120.03|1,278.62|7.93|6.88|1.10|693.47|523.09|742.30|1.23|18.15|9.39
Nucleus Soft.|213.95|44.51|669.07|8.38|9.78|0.00|692.85|58.16|135.61|1.52|21.40|6.65

Modi Udyog Ltd|229.10|2.13|692.79|5.94|177.50|0.00|692.80|0.00|1.20|22.04|468.12|0.31
Kirloskar Indus.|710.10|147.11|NaN|14.76|15.05|0.17|689.51|553.38|74.74|0.91|10.97|NaN
Electrosteel St.|2.85|198.78|10,668.43|-5.25|-2.16|9.37|686.63|3,733.12|-338.95|0.90|NaN|1.86
Astec Life|352.35|-4.92|810.86|-3.73|-3.03|1.08|686.47|127.23|96.56|5.86|NaN|-0.61
S T C|113.85|174.81|2,010.73|-3.52|4.81|9.43|683.10|62.43|1,553.39|4.29|24.06|8.69
Andhra Sugars|251.75|100.73|984.20|2.57|10.57|0.59|682.49|466.94|327.69|1.12|12.47|10.23
Balmer Law. Inv.|304.95|37.65|600.54|81.17|61.88|0.00|676.99|0.00|50.31|5.71|19.00|6.27
Lumax Inds.|720.95|55.04|815.35|7.52|15.93|0.92|674.09|384.84|-77.05|3.21|18.04|6.75
Centum Electron|528.85|39.94|702.24|12.66|12.01|0.43|672.07|72.29|189.96|3.51|25.58|5.69
Esteem Bio Org.|26.80|1.30|665.47|3.33|2.74|0.01|666.34|12.22|21.95|17.31|541.41|0.20
Oriental Carbon|646.65|71.10|734.58|26.60|26.90|0.25|665.79|187.58|60.35|2.33|12.56|9.68

Subex|13.10|88.95|1,339.50|7.74|-2.33|3.47|664.05|862.40|141.71|2.48|18.12|6.64
Cosmo Films|341.00|154.22|NaN|8.56|18.60|1.29|662.90|636.97|203.89|1.39|6.53|NaN
Nandan Denim|137.50|129.30|1,112.36|15.74|18.03|1.82|660.67|452.35|257.43|2.05|10.43|11.62
Bengal & Assam|759.35|157.94|1,062.00|28.05|28.24|0.32|659.39|375.67|108.49|0.51|3.80|14.87
Disa India|4,350.00|16.53|655.60|22.64|10.30|0.00|656.85|22.85|75.38|6.05|61.97|2.52
Talwal.Better|221.10|98.14|867.35|19.83|23.28|0.96|656.77|373.88|23.50|2.07|12.29|11.31
HPC Biosci.|41.00|0.51|653.51|2.47|2.02|0.00|654.36|9.53|17.19|21.75|1,423.61|0.08
Phillips Carbon|189.80|127.95|1,626.50|8.05|8.96|1.95|654.24|820.46|427.60|1.25|28.62|7.87
Rel. Indl. Infra|433.15|18.47|651.67|10.07|7.64|0.00|654.06|111.22|-18.14|2.52|45.71|2.83
Jindal Stain.|16.30|441.42|11,498.83|-0.95|3.76|-62.97|651.14|9,437.63|3,500.53|NaN|NaN|3.84
R Systems Intl.|51.30|127.99|573.49|27.51|30.24|0.01|650.85|69.58|126.08|2.60|12.20|22.32

Venky's (India)|462.00|130.78|1,390.56|7.67|10.46|2.05|650.83|434.89|432.61|1.62|21.80|9.40
The Byke Hospi.|162.25|41.18|660.72|27.89|39.45|0.12|650.59|78.43|24.95|5.16|25.07|6.23
Adlabs Entert.|81.30|-30.85|1,640.21|-2.98|-3.28|1.64|649.57|1,342.61|127.69|1.05|NaN|-1.88
Guj NRE Coke|4.00|-907.16|3,652.23|-8.34|-33.94|3.04|647.78|898.80|2,039.81|3.47|NaN|-24.84
Intrasoft Tech.|437.35|45.84|635.74|7.40|15.45|0.05|644.22|18.45|32.10|5.32|89.72|7.21
AXISCADES Engg.|236.80|46.60|654.07|24.07|31.57|0.21|643.85|33.56|92.95|4.18|22.23|7.12
MT Educare|159.90|48.26|629.47|68.25|103.14|0.04|636.73|85.49|-8.16|4.11|21.78|7.67
Sandesh|840.40|125.38|625.32|46.59|61.51|0.02|636.18|68.47|120.36|1.19|7.89|20.05
DCW|28.95|86.89|1,412.74|1.71|16.93|1.41|635.98|661.27|-137.65|1.11|34.26|6.15
Mukand|44.90|279.26|3,162.38|5.93|6.06|5.57|634.91|2,485.94|1,833.24|1.38|389.42|8.83
Mangalore Chem.|53.20|-136.37|1,713.23|7.75|-9.54|1.88|630.53|497.41|925.05|1.84|16.12|-7.96

Gammon India|17.05|4.32|11,435.78|-0.60|-0.52|-25.56|630.12|4,598.83|3,046.62|NaN|NaN|0.04
Guj. Borosil|92.10|22.04|648.16|15.16|15.79|0.40|628.12|108.05|32.41|12.01|51.70|3.40
Sasken Comm.Tec.|352.75|289.73|607.42|-17.94|-29.01|0.00|625.07|42.45|44.61|1.25|15.73|47.70
Orissa Sponge|230.90|-12.85|836.23|-11.85|-8.85|-2.35|623.43|331.93|-100.58|NaN|NaN|-1.54
Ashapura Minech.|71.55|218.32|810.44|NaN|-270.30|-1.30|622.39|281.92|-403.52|34.35|4.29|26.94
Vivimed Labs.|76.80|181.52|1,602.34|10.50|11.91|2.04|622.23|807.92|710.18|1.08|7.44|11.33
Amrutanjan Healt|424.40|34.64|589.67|33.53|43.31|0.00|620.27|14.71|54.15|4.87|27.67|5.87
India Motor Part|744.65|37.69|577.22|25.08|22.39|0.07|619.55|8.88|124.59|2.58|23.04|6.53
GTL Infra.|2.65|-52.59|5,539.10|-3.91|-1.86|11.10|619.14|3,542.61|153.57|NaN|NaN|-0.95
Hester Bios|725.10|28.52|650.68|27.15|25.05|0.39|616.83|56.53|47.49|6.15|32.08|4.38
Setco Automotive|45.90|71.65|820.71|16.89|20.94|1.23|613.21|120.31|145.16|2.97|18.45|8.73

Zen Technologies|78.95|5.02|611.29|14.52|-0.30|0.36|609.18|48.80|99.30|5.37|262.55|0.82
Marathon Nextgen|213.70|110.39|603.49|NaN|163.18|0.00|607.71|1.22|-5.65|0.99|8.06|18.29
Ruby Mills|361.45|63.10|1,117.83|10.51|12.88|1.57|604.34|169.82|210.44|1.63|14.82|5.64
Bhartiya Intl.|513.50|35.70|776.94|11.70|11.65|1.20|601.51|56.09|224.19|3.43|40.73|4.59
Kalyani Invest.|1,375.20|26.43|600.81|NaN|855.90|0.00|600.96|1.01|-2.53|1.77|15.56|4.40
MBL Infrast|144.50|225.30|NaN|20.52|18.02|1.68|599.02|213.85|998.52|0.80|6.78|NaN
TCPL Packaging|685.70|75.35|830.19|23.43|20.92|1.63|596.56|227.93|78.31|4.12|15.58|9.08
Rushil Decor|414.20|29.70|707.22|7.60|15.27|1.59|596.45|154.58|51.04|7.35|83.42|4.20
Pennar Engg.Bld.|174.00|60.47|NaN|NaN|NaN|NaN|596.38|NaN|NaN|NaN|19.77|NaN
IL&FS Engg.|49.20|115.54|2,497.75|21.29|-2.70|13.48|596.10|169.15|674.39|NaN|346.48|4.63
Peninsula Land|21.05|82.31|2,353.25|-3.01|-2.99|1.23|587.72|53.56|1,401.57|0.40|NaN|3.50
Rico Auto Inds|43.40|61.45|770.47|-31.03|9.38|0.41|587.20|672.19|104.87|1.22|18.25|7.98

Plastiblends (I)|451.00|55.43|666.12|23.02|19.07|0.45|586.30|72.90|127.09|3.18|15.56|8.32
Alok Inds.|4.25|-3,093.60|15,838.86|17.75|-14.87|2.83|585.36|9,183.43|13,071.89|0.35|1.68|-19.53
Poddar Housing|923.45|22.11|581.41|30.32|23.34|0.00|583.20|3.52|48.78|2.63|37.38|3.80
SKIL Infrastr|26.90|-155.54|2,854.69|-3.13|-48.81|0.69|582.58|226.95|100.27|0.20|NaN|-5.45
Ashapura Inti.|298.45|24.64|637.34|20.83|21.82|1.20|581.00|9.08|98.51|9.43|46.89|3.87
Hind.Composites|1,173.45|46.73|580.98|-7.19|31.36|0.01|577.34|114.05|32.26|0.98|14.76|8.04
Nelcast|66.05|53.14|618.39|14.49|14.01|0.32|574.64|232.07|116.62|1.88|18.03|8.59
Ugar Sugar Works|51.05|43.60|757.30|1.87|13.14|2.30|574.31|159.20|94.96|6.09|50.87|5.76
Indian Terrain|152.55|43.92|605.42|32.26|38.46|0.31|568.57|7.94|94.12|3.57|17.22|7.25
NDTV|87.50|-47.33|NaN|-3.51|-14.97|2.54|564.16|111.32|294.11|29.28|NaN|NaN
Pokarna|909.75|102.73|NaN|17.93|27.73|5.47|564.12|258.66|110.48|5.41|8.21|NaN

Arrow Greentech|480.05|40.90|537.27|119.81|130.00|0.00|563.58|8.17|17.02|7.32|18.53|7.61
Pennar Inds.|46.70|132.45|750.91|17.68|21.20|0.51|562.03|267.71|327.05|1.33|12.68|17.64
Aplaya Creations|39.00|0.12|560.80|6.66|1.01|0.00|560.82|0.00|11.81|24.85|5,131.58|0.02
Sakthi Sugars|47.05|3.25|1,702.28|4.88|-3.23|70.03|559.18|1,159.65|-41.89|NaN|NaN|0.19
Dec.Gold Mines|61.80|-6.90|NaN|NaN|254.39|0.00|558.22|0.06|-2.91|NaN|NaN|NaN
IL&FS Inv.Manag.|17.75|74.77|453.30|30.29|25.28|0.00|557.41|141.77|130.51|1.41|9.94|16.49
West Coast Paper|84.35|89.58|1,454.43|4.64|6.19|1.52|557.13|1,242.74|281.45|0.92|8.96|6.16
Walchan. Inds.|146.15|31.41|859.84|-0.29|2.17|1.86|556.40|638.26|429.79|3.53|NaN|3.65
Sharda Motor|934.95|62.59|684.96|13.09|15.26|0.70|555.95|298.62|46.50|2.32|14.93|9.14
Subros|92.55|68.17|944.42|10.72|10.54|1.16|555.30|536.32|60.76|1.66|23.13|7.22
Store One Retail|200.45|66.33|639.54|16.88|32.06|0.58|553.24|131.78|40.15|2.64|10.01|10.37

Vaarad Vent.|22.05|-1.01|555.55|-5.44|-6.46|0.19|551.03|17.71|3.66|22.92|NaN|-0.18
Kridhan Infra|74.10|40.14|680.81|15.78|12.15|0.99|549.02|214.16|57.86|3.15|25.48|5.90
Gammon Infra.|5.80|220.14|4,402.12|3.21|3.44|4.11|546.23|2,494.89|-185.03|0.59|NaN|5.00
Ajmera Realty|153.40|93.10|835.98|5.54|10.01|0.73|544.26|118.83|771.85|1.19|12.83|11.14
Nila Infrastruct|13.85|40.40|686.30|9.29|9.45|0.93|543.93|32.29|242.16|3.16|31.92|5.89
Essar Shipping|26.25|48.20|5,670.46|-1.63|-1.86|0.75|543.31|9,816.92|1,908.69|0.08|NaN|0.85
JBM Auto|133.15|137.61|1,024.25|21.95|15.24|1.64|543.19|469.94|168.74|1.54|10.37|13.44
Deep Industries|185.15|76.60|643.82|16.24|27.04|0.52|540.64|237.80|9.18|2.08|13.22|11.90
The Hi-Tech Gear|286.55|36.08|579.67|12.39|15.17|0.29|537.85|178.81|50.31|3.12|24.99|6.22
Bharat Bijlee|951.95|27.91|666.54|-9.71|2.58|0.50|537.85|94.00|186.48|1.97|74.81|4.19
DIC India|585.30|48.94|539.18|14.02|16.06|0.01|537.25|86.77|212.08|1.85|17.20|9.08

Manali Petrochem|31.20|71.81|443.62|39.93|42.60|0.00|536.64|103.70|38.00|1.83|11.13|16.19
Uttam Value Ste.|0.80|-254.17|1,908.10|13.20|-24.97|3.65|528.65|1,710.57|-801.75|NaN|NaN|-13.32
Indo Rama Synth.|34.80|-8.00|877.18|-1.80|-5.51|0.69|528.33|1,059.72|-170.25|0.89|4.74|-0.91
Jindal Drilling|182.10|47.94|525.94|21.54|22.16|0.00|527.73|58.48|29.36|0.63|17.54|9.12
SRS Real INFRA.|13.07|20.55|711.16|12.64|8.24|0.91|525.46|44.37|193.41|2.36|89.95|2.89
Upper Gang. Sug.|454.30|65.78|1,114.70|-3.52|10.19|-314.13|525.17|363.19|262.96|56.41|46.89|5.90
Mold-Tek Pack.|189.60|37.74|542.42|26.47|29.48|0.16|525.02|72.04|54.03|3.76|21.79|6.96
Prakash Inds.|38.65|89.23|1,402.04|3.36|4.64|0.43|524.10|1,747.24|85.04|0.25|25.47|6.36
Mac Charles(I)|399.60|49.87|518.24|10.55|50.66|0.00|523.48|61.25|15.57|1.93|16.20|9.62
Hercules Hoists|162.55|16.94|519.76|6.32|3.81|0.00|520.16|26.99|99.87|2.69|39.11|3.26
Sarda Energy|144.55|207.64|1,991.38|7.49|7.40|1.23|520.07|1,382.90|627.73|0.43|3.76|10.43

Ramky Infra|90.25|-197.34|4,085.58|-8.50|-9.35|4.58|516.23|1,465.10|1,459.04|0.64|NaN|-4.83
Adi Finechem|373.70|20.35|544.09|32.02|25.03|0.51|515.48|32.80|16.33|7.65|48.63|3.74
BS|11.60|264.44|1,021.13|21.83|22.43|1.09|511.69|217.53|781.81|0.84|8.62|25.90
Anuh Pharma|203.85|37.97|509.98|48.12|64.28|0.00|510.77|12.15|48.09|4.03|19.79|7.45
Vascon Engineers|31.65|44.52|794.03|-36.33|4.41|0.61|510.63|45.60|227.20|1.04|77.73|5.61
Hind.Oil Explor.|39.10|6.50|482.16|-2,679.77|-9.65|0.00|510.22|8.71|78.84|1.83|662.71|1.35
Monnet Ispat|25.30|-743.72|8,297.39|-5.72|-9.63|4.33|507.94|4,398.92|1,248.95|3.19|NaN|-8.96
A2Z Infra Engg.|40.00|-102.71|2,021.33|-8.72|-8.70|2.20|507.58|438.28|965.86|0.74|NaN|-5.08
Ortel Commu.|167.00|38.57|650.84|11.59|11.64|1.23|507.10|204.66|-10.49|3.64|42.54|5.93
Repro India|464.20|7.90|700.59|7.48|0.31|0.96|505.98|188.91|148.25|2.57|25.12|1.13
GMM Pfaudler|345.35|28.50|486.11|28.85|29.66|0.00|504.82|36.66|52.08|3.44|27.50|5.86

Jayaswal Neco|7.90|110.97|4,514.51|8.38|3.58|1.82|504.52|1,472.79|714.06|0.24|6.78|2.46
Arshiya|32.25|-307.38|2,985.19|-12.16|-14.68|-2.56|503.68|3,060.97|-1,158.10|NaN|NaN|-10.30
Pearl Global Ind|231.30|67.81|637.05|3.85|8.93|0.53|501.00|372.16|264.40|1.43|13.23|10.64
